list,part,item_id,cond_id,type,type_id,target_gender,gender_match,orig_item_number,case,animacy,word_nr,word,AOI_id,response_true,response_chosen,correctness,first_duration,total_duration,gaze_duration,right_bounded_rt,go_past_time,FPFix,FPReg,RegIn_excl,RegIn_incl
1,adjectives,4,b,stim_adj,1,F,Mis,0,0,Inanim,0,У,R1,нет,нет,1.0,0.0,0.0,0.0,0.0,0.0,0.0,0.0,0,0
1,adjectives,4,b,stim_adj,1,F,Mis,0,0,Inanim,1,бабушки,R1,нет,нет,1.0,300.0,300.0,300.0,300.0,300.0,1.0,0.0,0,0
1,adjectives,4,b,stim_adj,1,F,Mis,0,0,Inanim,2,старый,R2,нет,нет,1.0,0.0,0.0,0.0,0.0,0.0,0.0,0.0,0,0
1,adjectives,4,b,stim_adj,1,F,Mis,0,0,Inanim,3,духовка,R3,нет,нет,1.0,301.0,301.0,301.0,301.0,301.0,1.0,0.0,0,0
1,adjectives,4,b,stim_adj,1,F,Mis,0,0,Inanim,4,уже,R4,нет,нет,1.0,0.0,0.0,0.0,0.0,0.0,0.0,0.0,0,0
1,adjectives,4,b,stim_adj,1,F,Mis,0,0,Inanim,5,год,R4,нет,нет,1.0,0.0,0.0,0.0,0.0,0.0,0.0,0.0,0,0
1,adjectives,4,b,stim_adj,1,F,Mis,0,0,Inanim,6,плохо,R5,нет,нет,1.0,0.0,0.0,0.0,0.0,0.0,0.0,0.0,0,0
1,adjectives,4,b,stim_adj,1,F,Mis,0,0,Inanim,7,работает.,R6,нет,нет,1.0,0.0,0.0,0.0,0.0,0.0,0.0,0.0,0,0
1,adjectives,5,c,stim_adj,1,F,Match,0,0,Inanim,0,На,R1,нет,нет,1.0,0.0,0.0,0.0,0.0,0.0,0.0,0.0,0,0
1,adjectives,5,c,stim_adj,1,F,Match,0,0,Inanim,1,стене,R1,нет,нет,1.0,0.0,0.0,0.0,0.0,0.0,0.0,0.0,0,0
1,adjectives,5,c,stim_adj,1,F,Match,0,0,Inanim,2,рваная,R2,нет,нет,1.0,0.0,0.0,0.0,0.0,0.0,0.0,0.0,0,0
1,adjectives,5,c,stim_adj,1,F,Match,0,0,Inanim,3,газета,R3,нет,нет,1.0,0.0,0.0,0.0,0.0,0.0,0.0,0.0,0,0
1,adjectives,5,c,stim_adj,1,F,Match,0,0,Inanim,4,давно,R4,нет,нет,1.0,200.0,200.0,200.0,200.0,200.0,1.0,0.0,0,0
1,adjectives,5,c,stim_adj,1,F,Match,0,0,Inanim,5,еле-еле,R5,нет,нет,1.0,249.0,249.0,249.0,249.0,249.0,1.0,0.0,0,0
1,adjectives,5,c,stim_adj,1,F,Match,0,0,Inanim,6,держится.,R6,нет,нет,1.0,0.0,0.0,0.0,0.0,0.0,0.0,0.0,0,0
1,adjectives,6,d,stim_adj,1,M,Mis,0,0,Inanim,0,В,R1,нет,да,0.0,0.0,0.0,0.0,0.0,0.0,0.0,0.0,0,0
1,adjectives,6,d,stim_adj,1,M,Mis,0,0,Inanim,1,комнате,R1,нет,да,0.0,0.0,0.0,0.0,0.0,0.0,0.0,0.0,0,0
1,adjectives,6,d,stim_adj,1,M,Mis,0,0,Inanim,2,странная,R2,нет,да,0.0,350.0,350.0,350.0,350.0,350.0,1.0,0.0,0,0
1,adjectives,6,d,stim_adj,1,M,Mis,0,0,Inanim,3,пакет,R3,нет,да,0.0,0.0,0.0,0.0,0.0,0.0,0.0,0.0,0,0
1,adjectives,6,d,stim_adj,1,M,Mis,0,0,Inanim,4,в,R4,нет,да,0.0,0.0,0.0,0.0,0.0,0.0,0.0,0.0,0,0
1,adjectives,6,d,stim_adj,1,M,Mis,0,0,Inanim,5,углу,R4,нет,да,0.0,199.0,199.0,199.0,199.0,199.0,1.0,0.0,0,0
1,adjectives,6,d,stim_adj,1,M,Mis,0,0,Inanim,6,привлекает,R5,нет,да,0.0,250.0,250.0,250.0,250.0,250.0,1.0,0.0,0,0
1,adjectives,6,d,stim_adj,1,M,Mis,0,0,Inanim,7,внимание.,R6,нет,да,0.0,251.0,251.0,251.0,251.0,251.0,1.0,0.0,0,0
1,adjectives,7,a,stim_adj,1,M,Match,0,0,Inanim,0,В,R1,Да,Да,1.0,0.0,0.0,0.0,0.0,0.0,0.0,0.0,0,0
1,adjectives,7,a,stim_adj,1,M,Match,0,0,Inanim,1,холодильнике,R1,Да,Да,1.0,450.0,450.0,450.0,450.0,450.0,1.0,0.0,0,0
1,adjectives,7,a,stim_adj,1,M,Match,0,0,Inanim,2,готовый,R2,Да,Да,1.0,0.0,0.0,0.0,0.0,0.0,0.0,0.0,0,0
1,adjectives,7,a,stim_adj,1,M,Match,0,0,Inanim,3,окорок,R3,Да,Да,1.0,0.0,0.0,0.0,0.0,0.0,0.0,0.0,0,0
1,adjectives,7,a,stim_adj,1,M,Match,0,0,Inanim,4,из,R4,Да,Да,1.0,0.0,0.0,0.0,0.0,0.0,0.0,0.0,0,0
1,adjectives,7,a,stim_adj,1,M,Match,0,0,Inanim,5,Испании,R4,Да,Да,1.0,300.0,300.0,300.0,300.0,300.0,1.0,0.0,0,0
1,adjectives,7,a,stim_adj,1,M,Match,0,0,Inanim,6,или,R5,Да,Да,1.0,0.0,0.0,0.0,0.0,0.0,0.0,0.0,0,0
1,adjectives,7,a,stim_adj,1,M,Match,0,0,Inanim,7,из,R5,Да,Да,1.0,0.0,0.0,0.0,0.0,0.0,0.0,0.0,0,0
1,adjectives,7,a,stim_adj,1,M,Match,0,0,Inanim,8,Италии.,R6,Да,Да,1.0,0.0,0.0,0.0,0.0,0.0,0.0,0.0,0,0
1,adjectives,9,c,stim_adj,1,F,Match,0,0,Inanim,0,На,R1,да,да,1.0,0.0,0.0,0.0,0.0,0.0,0.0,0.0,0,0
1,adjectives,9,c,stim_adj,1,F,Match,0,0,Inanim,1,реке,R1,да,да,1.0,0.0,0.0,0.0,0.0,0.0,0.0,0.0,0,0
1,adjectives,9,c,stim_adj,1,F,Match,0,0,Inanim,2,ржавая,R2,да,да,1.0,200.0,200.0,200.0,200.0,200.0,1.0,0.0,0,0
1,adjectives,9,c,stim_adj,1,F,Match,0,0,Inanim,3,баржа,R3,да,да,1.0,200.0,200.0,200.0,200.0,200.0,1.0,0.0,0,0
1,adjectives,9,c,stim_adj,1,F,Match,0,0,Inanim,4,вечером,R4,да,да,1.0,250.0,250.0,250.0,250.0,250.0,1.0,0.0,0,0
1,adjectives,9,c,stim_adj,1,F,Match,0,0,Inanim,5,сильно,R5,да,да,1.0,250.0,250.0,250.0,250.0,250.0,1.0,0.0,0,0
1,adjectives,9,c,stim_adj,1,F,Match,0,0,Inanim,6,тарахтит.,R6,да,да,1.0,251.0,251.0,251.0,251.0,251.0,1.0,0.0,0,0
1,adjectives,14,d,stim_adj,1,M,Mis,0,0,Inanim,0,В,R1,да,да,1.0,250.0,250.0,250.0,250.0,250.0,1.0,0.0,0,0
1,adjectives,14,d,stim_adj,1,M,Mis,0,0,Inanim,1,саду,R1,да,да,1.0,0.0,0.0,0.0,0.0,0.0,0.0,0.0,0,0
1,adjectives,14,d,stim_adj,1,M,Mis,0,0,Inanim,2,сладкая,R2,да,да,1.0,0.0,0.0,0.0,0.0,0.0,0.0,0.0,0,0
1,adjectives,14,d,stim_adj,1,M,Mis,0,0,Inanim,3,перец,R3,да,да,1.0,0.0,0.0,0.0,0.0,0.0,0.0,0.0,0,0
1,adjectives,14,d,stim_adj,1,M,Mis,0,0,Inanim,4,уже,R4,да,да,1.0,0.0,0.0,0.0,0.0,0.0,0.0,0.0,0,0
1,adjectives,14,d,stim_adj,1,M,Mis,0,0,Inanim,5,скоро,R5,да,да,1.0,0.0,0.0,0.0,0.0,0.0,0.0,0.0,0,0
1,adjectives,14,d,stim_adj,1,M,Mis,0,0,Inanim,6,созреет.,R6,да,да,1.0,200.0,200.0,200.0,200.0,200.0,1.0,0.0,0,0
1,adjectives,16,b,stim_adj,1,F,Mis,0,0,Inanim,0,На,R1,нет,нет,1.0,0.0,0.0,0.0,0.0,0.0,0.0,0.0,0,0
1,adjectives,16,b,stim_adj,1,F,Mis,0,0,Inanim,1,дороге,R1,нет,нет,1.0,0.0,0.0,0.0,0.0,0.0,0.0,0.0,0,0
1,adjectives,16,b,stim_adj,1,F,Mis,0,0,Inanim,2,грязный,R2,нет,нет,1.0,200.0,200.0,200.0,200.0,200.0,1.0,0.0,0,0
1,adjectives,16,b,stim_adj,1,F,Mis,0,0,Inanim,3,машина,R3,нет,нет,1.0,200.0,200.0,200.0,200.0,200.0,1.0,0.0,0,0
1,adjectives,16,b,stim_adj,1,F,Mis,0,0,Inanim,4,никак,R4,нет,нет,1.0,0.0,0.0,0.0,0.0,0.0,0.0,0.0,0,0
1,adjectives,16,b,stim_adj,1,F,Mis,0,0,Inanim,5,не,R5,нет,нет,1.0,0.0,0.0,0.0,0.0,0.0,0.0,0.0,0,0
1,adjectives,16,b,stim_adj,1,F,Mis,0,0,Inanim,6,может,R5,нет,нет,1.0,201.0,201.0,201.0,201.0,201.0,1.0,0.0,0,0
1,adjectives,16,b,stim_adj,1,F,Mis,0,0,Inanim,7,завестись.,R6,нет,нет,1.0,250.0,250.0,250.0,250.0,250.0,1.0,0.0,0,0
1,adjectives,18,d,stim_adj,1,M,Mis,0,0,Inanim,0,В,R1,нет,нет,1.0,0.0,0.0,0.0,0.0,0.0,0.0,0.0,0,0
1,adjectives,18,d,stim_adj,1,M,Mis,0,0,Inanim,1,шкафу,R1,нет,нет,1.0,252.0,252.0,252.0,252.0,252.0,1.0,0.0,0,0
1,adjectives,18,d,stim_adj,1,M,Mis,0,0,Inanim,2,дорогая,R2,нет,нет,1.0,0.0,0.0,0.0,0.0,0.0,0.0,0.0,0,0
1,adjectives,18,d,stim_adj,1,M,Mis,0,0,Inanim,3,сервиз,R3,нет,нет,1.0,0.0,0.0,0.0,0.0,0.0,0.0,0.0,0,0
1,adjectives,18,d,stim_adj,1,M,Mis,0,0,Inanim,4,уже,R4,нет,нет,1.0,0.0,0.0,0.0,0.0,0.0,0.0,0.0,0,0
1,adjectives,18,d,stim_adj,1,M,Mis,0,0,Inanim,5,давно,R4,нет,нет,1.0,400.0,400.0,400.0,400.0,400.0,1.0,0.0,0,0
1,adjectives,18,d,stim_adj,1,M,Mis,0,0,Inanim,6,пылится,R5,нет,нет,1.0,250.0,250.0,250.0,250.0,250.0,1.0,0.0,0,0
1,adjectives,18,d,stim_adj,1,M,Mis,0,0,Inanim,7,без,R6,нет,нет,1.0,0.0,0.0,0.0,0.0,0.0,0.0,0.0,0,0
1,adjectives,18,d,stim_adj,1,M,Mis,0,0,Inanim,8,дела.,R6,нет,нет,1.0,3601.0,3601.0,3601.0,3601.0,3601.0,1.0,0.0,0,0
1,verbs,20,b,stim_verb,2,F,Mis,0,0,Inanim,0,На,R1,нет,нет,1.0,500.0,500.0,500.0,500.0,500.0,1.0,0.0,0,0
1,verbs,20,b,stim_verb,2,F,Mis,0,0,Inanim,1,кухне,R1,нет,нет,1.0,199.0,199.0,199.0,199.0,199.0,1.0,0.0,0,0
1,verbs,20,b,stim_verb,2,F,Mis,0,0,Inanim,2,стоял,R2,нет,нет,1.0,0.0,0.0,0.0,0.0,0.0,0.0,0.0,0,0
1,verbs,20,b,stim_verb,2,F,Mis,0,0,Inanim,3,духовка,R3,нет,нет,1.0,400.0,400.0,400.0,400.0,400.0,1.0,0.0,0,0
1,verbs,20,b,stim_verb,2,F,Mis,0,0,Inanim,4,китайского,R4,нет,нет,1.0,350.0,700.0,350.0,350.0,350.0,1.0,0.0,1,1
1,verbs,20,b,stim_verb,2,F,Mis,0,0,Inanim,5,или,R5,нет,нет,1.0,0.0,0.0,0.0,0.0,0.0,0.0,0.0,0,0
1,verbs,20,b,stim_verb,2,F,Mis,0,0,Inanim,6,корейского,R5,нет,нет,1.0,250.0,250.0,250.0,250.0,600.0,1.0,1.0,0,0
1,verbs,20,b,stim_verb,2,F,Mis,0,0,Inanim,7,производства.,R6,нет,нет,1.0,3397.0,3397.0,3397.0,3397.0,3397.0,1.0,0.0,0,0
1,verbs,22,d,stim_verb,2,M,Mis,0,0,Inanim,0,При,R1,,%2c#,99.0,451.0,451.0,451.0,451.0,451.0,1.0,0.0,0,0
1,verbs,22,d,stim_verb,2,M,Mis,0,0,Inanim,1,входе,R1,,%2c#,99.0,0.0,0.0,0.0,0.0,0.0,0.0,0.0,0,0
1,verbs,22,d,stim_verb,2,M,Mis,0,0,Inanim,2,лежала,R2,,%2c#,99.0,198.0,198.0,198.0,198.0,198.0,1.0,0.0,0,0
1,verbs,22,d,stim_verb,2,M,Mis,0,0,Inanim,3,пакет,R3,,%2c#,99.0,251.0,251.0,251.0,251.0,251.0,1.0,0.0,0,0
1,verbs,22,d,stim_verb,2,M,Mis,0,0,Inanim,4,с,R4,,%2c#,99.0,0.0,0.0,0.0,0.0,0.0,0.0,0.0,0,0
1,verbs,22,d,stim_verb,2,M,Mis,0,0,Inanim,5,вещами,R4,,%2c#,99.0,0.0,0.0,0.0,0.0,0.0,0.0,0.0,0,0
1,verbs,22,d,stim_verb,2,M,Mis,0,0,Inanim,6,нашего,R5,,%2c#,99.0,0.0,0.0,0.0,0.0,0.0,0.0,0.0,0,0
1,verbs,22,d,stim_verb,2,M,Mis,0,0,Inanim,7,приятеля.,R6,,%2c#,99.0,0.0,0.0,0.0,0.0,0.0,0.0,0.0,0,0
1,verbs,23,a,stim_verb,2,M,Match,0,0,Inanim,0,В,R1,да,да,1.0,0.0,0.0,0.0,0.0,0.0,0.0,0.0,0,0
1,verbs,23,a,stim_verb,2,M,Match,0,0,Inanim,1,ресторан,R1,да,да,1.0,200.0,200.0,200.0,200.0,200.0,1.0,0.0,0,0
1,verbs,23,a,stim_verb,2,M,Match,0,0,Inanim,2,прибыл,R2,да,да,1.0,201.0,201.0,201.0,201.0,201.0,1.0,0.0,0,0
1,verbs,23,a,stim_verb,2,M,Match,0,0,Inanim,3,окорок,R3,да,да,1.0,200.0,200.0,200.0,200.0,200.0,1.0,0.0,0,0
1,verbs,23,a,stim_verb,2,M,Match,0,0,Inanim,4,из,R4,да,да,1.0,0.0,0.0,0.0,0.0,0.0,0.0,0.0,0,0
1,verbs,23,a,stim_verb,2,M,Match,0,0,Inanim,5,Испании,R4,да,да,1.0,351.0,351.0,351.0,351.0,351.0,1.0,0.0,0,0
1,verbs,23,a,stim_verb,2,M,Match,0,0,Inanim,6,или,R5,да,да,1.0,0.0,0.0,0.0,0.0,0.0,0.0,0.0,0,0
1,verbs,23,a,stim_verb,2,M,Match,0,0,Inanim,7,из,R5,да,да,1.0,0.0,0.0,0.0,0.0,0.0,0.0,0.0,0,0
1,verbs,23,a,stim_verb,2,M,Match,0,0,Inanim,8,Италии.,R6,да,да,1.0,0.0,0.0,0.0,0.0,0.0,0.0,0.0,0,0
1,verbs,25,c,stim_verb,2,F,Match,0,0,Inanim,0,У,R1,,%2c#,99.0,0.0,0.0,0.0,0.0,0.0,0.0,0.0,0,0
1,verbs,25,c,stim_verb,2,F,Match,0,0,Inanim,1,берега,R1,,%2c#,99.0,250.0,250.0,250.0,250.0,250.0,1.0,0.0,0,0
1,verbs,25,c,stim_verb,2,F,Match,0,0,Inanim,2,стояла,R2,,%2c#,99.0,348.0,348.0,348.0,348.0,348.0,1.0,0.0,0,0
1,verbs,25,c,stim_verb,2,F,Match,0,0,Inanim,3,баржа,R3,,%2c#,99.0,0.0,0.0,0.0,0.0,0.0,0.0,0.0,0,0
1,verbs,25,c,stim_verb,2,F,Match,0,0,Inanim,4,на,R4,,%2c#,99.0,0.0,0.0,0.0,0.0,0.0,0.0,0.0,0,0
1,verbs,25,c,stim_verb,2,F,Match,0,0,Inanim,5,якоре,R4,,%2c#,99.0,0.0,0.0,0.0,0.0,0.0,0.0,0.0,0,0
1,verbs,25,c,stim_verb,2,F,Match,0,0,Inanim,6,и,R5,,%2c#,99.0,201.0,201.0,201.0,201.0,201.0,1.0,0.0,0,0
1,verbs,25,c,stim_verb,2,F,Match,0,0,Inanim,7,плавно,R5,,%2c#,99.0,0.0,0.0,0.0,0.0,0.0,0.0,0.0,0,0
1,verbs,25,c,stim_verb,2,F,Match,0,0,Inanim,8,качалась.,R6,,%2c#,99.0,249.0,249.0,249.0,249.0,249.0,1.0,0.0,0,0
1,verbs,30,d,stim_verb,2,M,Mis,0,0,Inanim,0,В,R1,нет,нет,1.0,250.0,250.0,250.0,250.0,250.0,1.0,0.0,0,0
1,verbs,30,d,stim_verb,2,M,Mis,0,0,Inanim,1,саду,R1,нет,нет,1.0,0.0,0.0,0.0,0.0,0.0,0.0,0.0,0,0
1,verbs,30,d,stim_verb,2,M,Mis,0,0,Inanim,2,созрела,R2,нет,нет,1.0,0.0,0.0,0.0,0.0,0.0,0.0,0.0,0,0
1,verbs,30,d,stim_verb,2,M,Mis,0,0,Inanim,3,перец,R3,нет,нет,1.0,0.0,0.0,0.0,0.0,0.0,0.0,0.0,0,0
1,verbs,30,d,stim_verb,2,M,Mis,0,0,Inanim,4,из,R4,нет,нет,1.0,0.0,0.0,0.0,0.0,0.0,0.0,0.0,0,0
1,verbs,30,d,stim_verb,2,M,Mis,0,0,Inanim,5,Болгарии,R4,нет,нет,1.0,0.0,0.0,0.0,0.0,0.0,0.0,0.0,0,0
1,verbs,30,d,stim_verb,2,M,Mis,0,0,Inanim,6,несмотря,R5,нет,нет,1.0,0.0,0.0,0.0,0.0,0.0,0.0,0.0,0,0
1,verbs,30,d,stim_verb,2,M,Mis,0,0,Inanim,7,на,R5,нет,нет,1.0,0.0,0.0,0.0,0.0,0.0,0.0,0.0,0,0
1,verbs,30,d,stim_verb,2,M,Mis,0,0,Inanim,8,непогоду.,R6,нет,нет,1.0,0.0,0.0,0.0,0.0,0.0,0.0,0.0,0,0
1,verbs,32,b,stim_verb,2,F,Mis,0,0,Inanim,0,К,R1,да,да,1.0,350.0,350.0,350.0,350.0,350.0,1.0,0.0,0,0
1,verbs,32,b,stim_verb,2,F,Mis,0,0,Inanim,1,дому,R1,да,да,1.0,0.0,0.0,0.0,0.0,0.0,0.0,0.0,0,0
1,verbs,32,b,stim_verb,2,F,Mis,0,0,Inanim,2,подъехал,R2,да,да,1.0,199.0,199.0,199.0,199.0,199.0,1.0,0.0,0,0
1,verbs,32,b,stim_verb,2,F,Mis,0,0,Inanim,3,машина,R3,да,да,1.0,300.0,300.0,300.0,300.0,300.0,1.0,0.0,0,0
1,verbs,32,b,stim_verb,2,F,Mis,0,0,Inanim,4,с,R4,да,да,1.0,0.0,0.0,0.0,0.0,0.0,0.0,0.0,0,0
1,verbs,32,b,stim_verb,2,F,Mis,0,0,Inanim,5,выбитыми,R4,да,да,1.0,200.0,200.0,200.0,200.0,200.0,1.0,0.0,0,0
1,verbs,32,b,stim_verb,2,F,Mis,0,0,Inanim,6,стеклами,R5,да,да,1.0,200.0,200.0,200.0,200.0,200.0,1.0,0.0,0,0
1,verbs,32,b,stim_verb,2,F,Mis,0,0,Inanim,7,и,R6,да,да,1.0,0.0,0.0,0.0,0.0,0.0,0.0,0.0,0,0
1,verbs,32,b,stim_verb,2,F,Mis,0,0,Inanim,8,фарами.,R6,да,да,1.0,201.0,201.0,201.0,201.0,201.0,1.0,0.0,0,0
1,verbs,34,d,stim_verb,2,M,Mis,0,0,Inanim,0,С,R1,нет,нет,1.0,0.0,0.0,0.0,0.0,0.0,0.0,0.0,0,0
1,verbs,34,d,stim_verb,2,M,Mis,0,0,Inanim,1,полки,R1,нет,нет,1.0,0.0,0.0,0.0,0.0,0.0,0.0,0.0,0,0
1,verbs,34,d,stim_verb,2,M,Mis,0,0,Inanim,2,упала,R2,нет,нет,1.0,451.0,451.0,0.0,0.0,0.0,0.0,0.0,0,1
1,verbs,34,d,stim_verb,2,M,Mis,0,0,Inanim,3,сервиз,R3,нет,нет,1.0,200.0,200.0,200.0,200.0,200.0,1.0,0.0,0,0
1,verbs,34,d,stim_verb,2,M,Mis,0,0,Inanim,4,вместе,R4,нет,нет,1.0,200.0,200.0,200.0,200.0,200.0,1.0,0.0,0,0
1,verbs,34,d,stim_verb,2,M,Mis,0,0,Inanim,5,с,R5,нет,нет,1.0,300.0,300.0,300.0,300.0,751.0,1.0,1.0,0,0
1,verbs,34,d,stim_verb,2,M,Mis,0,0,Inanim,6,коробкой,R5,нет,нет,1.0,250.0,250.0,250.0,250.0,250.0,1.0,0.0,0,0
1,verbs,34,d,stim_verb,2,M,Mis,0,0,Inanim,7,и,R6,нет,нет,1.0,0.0,0.0,0.0,0.0,0.0,0.0,0.0,0,0
1,verbs,34,d,stim_verb,2,M,Mis,0,0,Inanim,8,салфетками.,R6,нет,нет,1.0,199.0,199.0,199.0,199.0,199.0,1.0,0.0,0,0
1,pred_adjectives,38,d,stim_pred_adj,3,M,Mis,0,0,inanim,0,У,R1,,%2c#,99.0,350.0,350.0,350.0,350.0,350.0,1.0,0.0,0,0
1,pred_adjectives,38,d,stim_pred_adj,3,M,Mis,0,0,inanim,1,бабушки,R1,,%2c#,99.0,0.0,0.0,0.0,0.0,0.0,0.0,0.0,0,0
1,pred_adjectives,38,d,stim_pred_adj,3,M,Mis,0,0,inanim,2,готова,R2,,%2c#,99.0,301.0,301.0,301.0,301.0,301.0,1.0,0.0,0,0
1,pred_adjectives,38,d,stim_pred_adj,3,M,Mis,0,0,inanim,3,завтрак,R3,,%2c#,99.0,0.0,0.0,0.0,0.0,0.0,0.0,0.0,0,0
1,pred_adjectives,38,d,stim_pred_adj,3,M,Mis,0,0,inanim,4,на,R4,,%2c#,99.0,0.0,0.0,0.0,0.0,0.0,0.0,0.0,0,0
1,pred_adjectives,38,d,stim_pred_adj,3,M,Mis,0,0,inanim,5,всю,R4,,%2c#,99.0,0.0,0.0,0.0,0.0,0.0,0.0,0.0,0,0
1,pred_adjectives,38,d,stim_pred_adj,3,M,Mis,0,0,inanim,6,нашу,R5,,%2c#,99.0,0.0,0.0,0.0,0.0,0.0,0.0,0.0,0,0
1,pred_adjectives,38,d,stim_pred_adj,3,M,Mis,0,0,inanim,7,семью.,R6,,%2c#,99.0,249.0,249.0,249.0,249.0,249.0,1.0,0.0,0,0
1,pred_adjectives,42,d,stim_pred_adj,3,M,Mis,0,0,inanim,0,Дома,R1,,%2c#,99.0,349.0,349.0,0.0,0.0,0.0,0.0,0.0,0,1
1,pred_adjectives,42,d,stim_pred_adj,3,M,Mis,0,0,inanim,1,всегда,R1,,%2c#,99.0,199.0,199.0,199.0,199.0,199.0,1.0,0.0,0,0
1,pred_adjectives,42,d,stim_pred_adj,3,M,Mis,0,0,inanim,2,полезна,R2,,%2c#,99.0,400.0,1100.0,400.0,751.0,1100.0,1.0,1.0,1,1
1,pred_adjectives,42,d,stim_pred_adj,3,M,Mis,0,0,inanim,3,аппарат,R3,,%2c#,99.0,450.0,801.0,450.0,801.0,1150.0,1.0,1.0,0,0
1,pred_adjectives,42,d,stim_pred_adj,3,M,Mis,0,0,inanim,4,для,R4,,%2c#,99.0,0.0,0.0,0.0,0.0,0.0,0.0,0.0,0,0
1,pred_adjectives,42,d,stim_pred_adj,3,M,Mis,0,0,inanim,5,заготовки,R4,,%2c#,99.0,199.0,199.0,199.0,199.0,199.0,1.0,0.0,0,0
1,pred_adjectives,42,d,stim_pred_adj,3,M,Mis,0,0,inanim,6,фруктов,R5,,%2c#,99.0,250.0,250.0,250.0,250.0,250.0,1.0,0.0,0,0
1,pred_adjectives,42,d,stim_pred_adj,3,M,Mis,0,0,inanim,7,и,R5,,%2c#,99.0,0.0,0.0,0.0,0.0,0.0,0.0,0.0,0,0
1,pred_adjectives,42,d,stim_pred_adj,3,M,Mis,0,0,inanim,8,овощей.,R6,,%2c#,99.0,0.0,0.0,0.0,0.0,0.0,0.0,0.0,0,0
1,pred_adjectives,43,a,stim_pred_adj,3,M,Match,0,0,inanim,0,Мне,R1,да,да,1.0,352.0,352.0,352.0,352.0,352.0,1.0,0.0,0,0
1,pred_adjectives,43,a,stim_pred_adj,3,M,Match,0,0,inanim,1,очень,R1,да,да,1.0,0.0,0.0,0.0,0.0,0.0,0.0,0.0,0,0
1,pred_adjectives,43,a,stim_pred_adj,3,M,Match,0,0,inanim,2,дорог,R2,да,да,1.0,0.0,0.0,0.0,0.0,0.0,0.0,0.0,0,0
1,pred_adjectives,43,a,stim_pred_adj,3,M,Match,0,0,inanim,3,сувенир,R3,да,да,1.0,249.0,249.0,249.0,249.0,249.0,1.0,0.0,0,0
1,pred_adjectives,43,a,stim_pred_adj,3,M,Match,0,0,inanim,4,с,R4,да,да,1.0,0.0,0.0,0.0,0.0,0.0,0.0,0.0,0,0
1,pred_adjectives,43,a,stim_pred_adj,3,M,Match,0,0,inanim,5,нашей,R4,да,да,1.0,0.0,0.0,0.0,0.0,0.0,0.0,0.0,0,0
1,pred_adjectives,43,a,stim_pred_adj,3,M,Match,0,0,inanim,6,встречи,R5,да,да,1.0,0.0,0.0,0.0,0.0,0.0,0.0,0.0,0,0
1,pred_adjectives,43,a,stim_pred_adj,3,M,Match,0,0,inanim,7,в,R6,да,да,1.0,0.0,0.0,0.0,0.0,0.0,0.0,0.0,0,0
1,pred_adjectives,43,a,stim_pred_adj,3,M,Match,0,0,inanim,8,Москве.,R6,да,да,1.0,3711.0,3711.0,3711.0,3711.0,3711.0,1.0,0.0,0,0
1,pred_adjectives,44,b,stim_pred_adj,3,F,Mis,0,0,inanim,0,Тебе,R1,,%2c#,99.0,450.0,450.0,450.0,450.0,450.0,1.0,0.0,0,0
1,pred_adjectives,44,b,stim_pred_adj,3,F,Mis,0,0,inanim,1,пока,R1,,%2c#,99.0,0.0,0.0,0.0,0.0,0.0,0.0,0.0,0,0
1,pred_adjectives,44,b,stim_pred_adj,3,F,Mis,0,0,inanim,2,велик,R2,,%2c#,99.0,250.0,805.0,250.0,250.0,250.0,1.0,0.0,1,1
1,pred_adjectives,44,b,stim_pred_adj,3,F,Mis,0,0,inanim,3,блузка,R3,,%2c#,99.0,200.0,200.0,200.0,200.0,200.0,1.0,0.0,0,0
1,pred_adjectives,44,b,stim_pred_adj,3,F,Mis,0,0,inanim,4,из,R4,,%2c#,99.0,0.0,0.0,0.0,0.0,0.0,0.0,0.0,0,0
1,pred_adjectives,44,b,stim_pred_adj,3,F,Mis,0,0,inanim,5,маминого,R4,,%2c#,99.0,250.0,250.0,250.0,250.0,250.0,1.0,0.0,0,0
1,pred_adjectives,44,b,stim_pred_adj,3,F,Mis,0,0,inanim,6,зимнего,R5,,%2c#,99.0,0.0,0.0,0.0,0.0,0.0,0.0,0.0,0,0
1,pred_adjectives,44,b,stim_pred_adj,3,F,Mis,0,0,inanim,7,гардероба.,R6,,%2c#,99.0,401.0,401.0,401.0,401.0,956.0,1.0,1.0,0,0
1,pred_adjectives,46,d,stim_pred_adj,3,M,Mis,0,0,inanim,0,В,R1,,%2c#,99.0,0.0,0.0,0.0,0.0,0.0,0.0,0.0,0,0
1,pred_adjectives,46,d,stim_pred_adj,3,M,Mis,0,0,inanim,1,музее,R1,,%2c#,99.0,199.0,199.0,199.0,199.0,199.0,1.0,0.0,0,0
1,pred_adjectives,46,d,stim_pred_adj,3,M,Mis,0,0,inanim,2,привлекательна,R2,,%2c#,99.0,351.0,901.0,351.0,351.0,351.0,1.0,0.0,1,1
1,pred_adjectives,46,d,stim_pred_adj,3,M,Mis,0,0,inanim,3,уголок,R3,,%2c#,99.0,300.0,300.0,0.0,0.0,0.0,0.0,0.0,0,1
1,pred_adjectives,46,d,stim_pred_adj,3,M,Mis,0,0,inanim,4,научных,R4,,%2c#,99.0,0.0,0.0,0.0,0.0,0.0,0.0,0.0,0,0
1,pred_adjectives,46,d,stim_pred_adj,3,M,Mis,0,0,inanim,5,экспериментов,R5,,%2c#,99.0,600.0,600.0,600.0,600.0,1450.0,1.0,1.0,0,0
1,pred_adjectives,46,d,stim_pred_adj,3,M,Mis,0,0,inanim,6,для,R6,,%2c#,99.0,0.0,0.0,0.0,0.0,0.0,0.0,0.0,0,0
1,pred_adjectives,46,d,stim_pred_adj,3,M,Mis,0,0,inanim,7,детей.,R6,,%2c#,99.0,622.0,622.0,622.0,622.0,622.0,1.0,0.0,0,0
1,pred_adjectives,47,a,stim_pred_adj,3,M,Match,0,0,inanim,0,В,R1,да,да,1.0,0.0,0.0,0.0,0.0,0.0,0.0,0.0,0,0
1,pred_adjectives,47,a,stim_pred_adj,3,M,Match,0,0,inanim,1,парке,R1,да,да,1.0,0.0,0.0,0.0,0.0,0.0,0.0,0.0,0,0
1,pred_adjectives,47,a,stim_pred_adj,3,M,Match,0,0,inanim,2,маловат,R2,да,да,1.0,300.0,300.0,300.0,300.0,300.0,1.0,0.0,0,0
1,pred_adjectives,47,a,stim_pred_adj,3,M,Match,0,0,inanim,3,газон,R3,да,да,1.0,250.0,250.0,250.0,250.0,250.0,1.0,0.0,0,0
1,pred_adjectives,47,a,stim_pred_adj,3,M,Match,0,0,inanim,4,с,R4,да,да,1.0,250.0,250.0,250.0,250.0,250.0,1.0,0.0,0,0
1,pred_adjectives,47,a,stim_pred_adj,3,M,Match,0,0,inanim,5,незабудками,R4,да,да,1.0,0.0,0.0,0.0,0.0,0.0,0.0,0.0,0,0
1,pred_adjectives,47,a,stim_pred_adj,3,M,Match,0,0,inanim,6,и,R5,да,да,1.0,550.0,550.0,550.0,550.0,550.0,1.0,0.0,0,0
1,pred_adjectives,47,a,stim_pred_adj,3,M,Match,0,0,inanim,7,статуями,R5,да,да,1.0,0.0,0.0,0.0,0.0,0.0,0.0,0.0,0,0
1,pred_adjectives,47,a,stim_pred_adj,3,M,Match,0,0,inanim,8,из,R6,да,да,1.0,0.0,0.0,0.0,0.0,0.0,0.0,0.0,0,0
1,pred_adjectives,47,a,stim_pred_adj,3,M,Match,0,0,inanim,9,мха.,R6,да,да,1.0,0.0,0.0,0.0,0.0,0.0,0.0,0.0,0,0
1,pred_adjectives,48,b,stim_pred_adj,3,F,Mis,0,0,inanim,0,Для,R1,нет,нет,1.0,0.0,0.0,0.0,0.0,0.0,0.0,0.0,0,0
1,pred_adjectives,48,b,stim_pred_adj,3,F,Mis,0,0,inanim,1,первоклашек,R1,нет,нет,1.0,550.0,550.0,550.0,550.0,550.0,1.0,0.0,0,0
1,pred_adjectives,48,b,stim_pred_adj,3,F,Mis,0,0,inanim,2,бесполезен,R2,нет,нет,1.0,351.0,351.0,351.0,351.0,351.0,1.0,0.0,0,0
1,pred_adjectives,48,b,stim_pred_adj,3,F,Mis,0,0,inanim,3,задача,R3,нет,нет,1.0,0.0,0.0,0.0,0.0,0.0,0.0,0.0,0,0
1,pred_adjectives,48,b,stim_pred_adj,3,F,Mis,0,0,inanim,4,о,R4,нет,нет,1.0,0.0,0.0,0.0,0.0,0.0,0.0,0.0,0,0
1,pred_adjectives,48,b,stim_pred_adj,3,F,Mis,0,0,inanim,5,процентах,R4,нет,нет,1.0,400.0,400.0,400.0,400.0,400.0,1.0,0.0,0,0
1,pred_adjectives,48,b,stim_pred_adj,3,F,Mis,0,0,inanim,6,или,R5,нет,нет,1.0,0.0,0.0,0.0,0.0,0.0,0.0,0.0,0,0
1,pred_adjectives,48,b,stim_pred_adj,3,F,Mis,0,0,inanim,7,десятичных,R5,нет,нет,1.0,300.0,300.0,300.0,300.0,300.0,1.0,0.0,0,0
1,pred_adjectives,48,b,stim_pred_adj,3,F,Mis,0,0,inanim,8,дробях.,R6,нет,нет,1.0,250.0,250.0,250.0,250.0,250.0,1.0,0.0,0,0
1,pred_adjectives,50,d,stim_pred_adj,3,M,Mis,0,0,inanim,0,Совершенно,R1,нет,нет,1.0,499.0,499.0,499.0,499.0,499.0,1.0,0.0,0,0
1,pred_adjectives,50,d,stim_pred_adj,3,M,Mis,0,0,inanim,1,недопустима,R2,нет,нет,1.0,250.0,250.0,250.0,250.0,250.0,1.0,0.0,0,0
1,pred_adjectives,50,d,stim_pred_adj,3,M,Mis,0,0,inanim,2,разговор,R3,нет,нет,1.0,300.0,300.0,300.0,300.0,300.0,1.0,0.0,0,0
1,pred_adjectives,50,d,stim_pred_adj,3,M,Mis,0,0,inanim,3,о,R4,нет,нет,1.0,0.0,0.0,0.0,0.0,0.0,0.0,0.0,0,0
1,pred_adjectives,50,d,stim_pred_adj,3,M,Mis,0,0,inanim,4,политике,R4,нет,нет,1.0,0.0,0.0,0.0,0.0,0.0,0.0,0.0,0,0
1,pred_adjectives,50,d,stim_pred_adj,3,M,Mis,0,0,inanim,5,или,R5,нет,нет,1.0,0.0,0.0,0.0,0.0,0.0,0.0,0.0,0,0
1,pred_adjectives,50,d,stim_pred_adj,3,M,Mis,0,0,inanim,6,деньгах,R5,нет,нет,1.0,0.0,0.0,0.0,0.0,0.0,0.0,0.0,0,0
1,pred_adjectives,50,d,stim_pred_adj,3,M,Mis,0,0,inanim,7,на,R6,нет,нет,1.0,0.0,0.0,0.0,0.0,0.0,0.0,0.0,0,0
1,pred_adjectives,50,d,stim_pred_adj,3,M,Mis,0,0,inanim,8,работе.,R6,нет,нет,1.0,0.0,0.0,0.0,0.0,0.0,0.0,0.0,0,0
98,filler,51,0,filler_ungram,4,Masc,0,101N,Acc,0,0,Ребёнок,R1,,%2c#,99.0,201.0,201.0,201.0,201.0,201.0,1.0,0.0,0,0
98,filler,51,0,filler_ungram,4,Masc,0,101N,Acc,0,1,по,R2,,%2c#,99.0,0.0,0.0,0.0,0.0,0.0,0.0,0.0,0,0
98,filler,51,0,filler_ungram,4,Masc,0,101N,Acc,0,2,ночам,R2,,%2c#,99.0,201.0,201.0,201.0,201.0,201.0,1.0,0.0,0,0
98,filler,51,0,filler_ungram,4,Masc,0,101N,Acc,0,3,в,R3,,%2c#,99.0,0.0,0.0,0.0,0.0,0.0,0.0,0.0,0,0
98,filler,51,0,filler_ungram,4,Masc,0,101N,Acc,0,4,кроватку,R3,,%2c#,99.0,249.0,249.0,249.0,249.0,249.0,1.0,0.0,0,0
98,filler,51,0,filler_ungram,4,Masc,0,101N,Acc,0,5,всегда,R4,,%2c#,99.0,301.0,301.0,301.0,301.0,301.0,1.0,0.0,0,0
98,filler,51,0,filler_ungram,4,Masc,0,101N,Acc,0,6,плохо,R5,,%2c#,99.0,200.0,200.0,200.0,200.0,200.0,1.0,0.0,0,0
98,filler,51,0,filler_ungram,4,Masc,0,101N,Acc,0,7,спит.,R6,,%2c#,99.0,200.0,200.0,200.0,200.0,200.0,1.0,0.0,0,0
98,filler,52,0,filler_gram,5,Masc,0,101Y,Prep,0,0,Ребёнок,R1,Нет,Нет,1.0,401.0,401.0,401.0,401.0,401.0,1.0,0.0,0,0
98,filler,52,0,filler_gram,5,Masc,0,101Y,Prep,0,1,по,R2,Нет,Нет,1.0,0.0,0.0,0.0,0.0,0.0,0.0,0.0,0,0
98,filler,52,0,filler_gram,5,Masc,0,101Y,Prep,0,2,ночам,R2,Нет,Нет,1.0,0.0,0.0,0.0,0.0,0.0,0.0,0.0,0,0
98,filler,52,0,filler_gram,5,Masc,0,101Y,Prep,0,3,в,R3,Нет,Нет,1.0,0.0,0.0,0.0,0.0,0.0,0.0,0.0,0,0
98,filler,52,0,filler_gram,5,Masc,0,101Y,Prep,0,4,кроватке,R3,Нет,Нет,1.0,201.0,201.0,201.0,201.0,201.0,1.0,0.0,0,0
98,filler,52,0,filler_gram,5,Masc,0,101Y,Prep,0,5,всегда,R4,Нет,Нет,1.0,198.0,198.0,198.0,198.0,198.0,1.0,0.0,0,0
98,filler,52,0,filler_gram,5,Masc,0,101Y,Prep,0,6,плохо,R5,Нет,Нет,1.0,0.0,0.0,0.0,0.0,0.0,0.0,0.0,0,0
98,filler,52,0,filler_gram,5,Masc,0,101Y,Prep,0,7,спит.,R6,Нет,Нет,1.0,0.0,0.0,0.0,0.0,0.0,0.0,0.0,0,0
98,filler,53,0,filler_ungram,4,Masc,0,102N,Instr,0,0,Старик,R1,,%2c#,99.0,399.0,399.0,399.0,399.0,399.0,1.0,0.0,0,0
98,filler,53,0,filler_ungram,4,Masc,0,102N,Instr,0,1,приходит,R2,,%2c#,99.0,251.0,251.0,251.0,251.0,251.0,1.0,0.0,0,0
98,filler,53,0,filler_ungram,4,Masc,0,102N,Instr,0,2,в,R3,,%2c#,99.0,0.0,0.0,0.0,0.0,0.0,0.0,0.0,0,0
98,filler,53,0,filler_ungram,4,Masc,0,102N,Instr,0,3,квартирой,R3,,%2c#,99.0,449.0,449.0,449.0,449.0,449.0,1.0,0.0,0,0
98,filler,53,0,filler_ungram,4,Masc,0,102N,Instr,0,4,редко,R4,,%2c#,99.0,0.0,0.0,0.0,0.0,0.0,0.0,0.0,0,0
98,filler,53,0,filler_ungram,4,Masc,0,102N,Instr,0,5,и,R5,,%2c#,99.0,0.0,0.0,0.0,0.0,0.0,0.0,0.0,0,0
98,filler,53,0,filler_ungram,4,Masc,0,102N,Instr,0,6,всегда,R5,,%2c#,99.0,0.0,0.0,0.0,0.0,0.0,0.0,0.0,0,0
98,filler,53,0,filler_ungram,4,Masc,0,102N,Instr,0,7,неохотно.,R6,,%2c#,99.0,921.0,921.0,921.0,921.0,921.0,1.0,0.0,0,0
98,filler,54,0,filler_gram,5,Masc,0,102Y,Acc,0,0,Старик,R1,Да,Нет,0.0,200.0,200.0,200.0,200.0,200.0,1.0,0.0,0,0
98,filler,54,0,filler_gram,5,Masc,0,102Y,Acc,0,1,приходит,R2,Да,Нет,0.0,350.0,350.0,350.0,350.0,350.0,1.0,0.0,0,0
98,filler,54,0,filler_gram,5,Masc,0,102Y,Acc,0,2,в,R3,Да,Нет,0.0,0.0,0.0,0.0,0.0,0.0,0.0,0.0,0,0
98,filler,54,0,filler_gram,5,Masc,0,102Y,Acc,0,3,квартиру,R3,Да,Нет,0.0,0.0,0.0,0.0,0.0,0.0,0.0,0.0,0,0
98,filler,54,0,filler_gram,5,Masc,0,102Y,Acc,0,4,редко,R4,Да,Нет,0.0,201.0,201.0,201.0,201.0,201.0,1.0,0.0,0,0
98,filler,54,0,filler_gram,5,Masc,0,102Y,Acc,0,5,и,R5,Да,Нет,0.0,0.0,0.0,0.0,0.0,0.0,0.0,0.0,0,0
98,filler,54,0,filler_gram,5,Masc,0,102Y,Acc,0,6,всегда,R5,Да,Нет,0.0,0.0,0.0,0.0,0.0,0.0,0.0,0.0,0,0
98,filler,54,0,filler_gram,5,Masc,0,102Y,Acc,0,7,неохотно.,R6,Да,Нет,0.0,0.0,0.0,0.0,0.0,0.0,0.0,0.0,0,0
98,filler,55,0,filler_ungram,4,Masc,0,103N,Acc,0,0,Мальчик,R1,,%2c#,99.0,550.0,550.0,550.0,550.0,550.0,1.0,0.0,0,0
98,filler,55,0,filler_ungram,4,Masc,0,103N,Acc,0,1,разговаривает,R2,,%2c#,99.0,300.0,300.0,300.0,300.0,300.0,1.0,0.0,0,0
98,filler,55,0,filler_ungram,4,Masc,0,103N,Acc,0,2,в,R3,,%2c#,99.0,0.0,0.0,0.0,0.0,0.0,0.0,0.0,0,0
98,filler,55,0,filler_ungram,4,Masc,0,103N,Acc,0,3,школу,R3,,%2c#,99.0,0.0,0.0,0.0,0.0,0.0,0.0,0.0,0,0
98,filler,55,0,filler_ungram,4,Masc,0,103N,Acc,0,4,громко,R4,,%2c#,99.0,0.0,0.0,0.0,0.0,0.0,0.0,0.0,0,0
98,filler,55,0,filler_ungram,4,Masc,0,103N,Acc,0,5,и,R5,,%2c#,99.0,0.0,0.0,0.0,0.0,0.0,0.0,0.0,0,0
98,filler,55,0,filler_ungram,4,Masc,0,103N,Acc,0,6,не,R5,,%2c#,99.0,0.0,0.0,0.0,0.0,0.0,0.0,0.0,0,0
98,filler,55,0,filler_ungram,4,Masc,0,103N,Acc,0,7,заикается.,R6,,%2c#,99.0,400.0,400.0,400.0,400.0,400.0,1.0,0.0,0,0
98,filler,56,0,filler_gram,5,Masc,0,103Y,Prep,0,0,Мальчик,R1,Нет,Нет,1.0,199.0,199.0,199.0,199.0,199.0,1.0,0.0,0,0
98,filler,56,0,filler_gram,5,Masc,0,103Y,Prep,0,1,разговаривает,R2,Нет,Нет,1.0,401.0,401.0,401.0,401.0,401.0,1.0,0.0,0,0
98,filler,56,0,filler_gram,5,Masc,0,103Y,Prep,0,2,в,R3,Нет,Нет,1.0,0.0,0.0,0.0,0.0,0.0,0.0,0.0,0,0
98,filler,56,0,filler_gram,5,Masc,0,103Y,Prep,0,3,школе,R3,Нет,Нет,1.0,0.0,0.0,0.0,0.0,0.0,0.0,0.0,0,0
98,filler,56,0,filler_gram,5,Masc,0,103Y,Prep,0,4,громко,R4,Нет,Нет,1.0,200.0,200.0,200.0,200.0,200.0,1.0,0.0,0,0
98,filler,56,0,filler_gram,5,Masc,0,103Y,Prep,0,5,и,R5,Нет,Нет,1.0,251.0,251.0,251.0,251.0,251.0,1.0,0.0,0,0
98,filler,56,0,filler_gram,5,Masc,0,103Y,Prep,0,6,не,R5,Нет,Нет,1.0,0.0,0.0,0.0,0.0,0.0,0.0,0.0,0,0
98,filler,56,0,filler_gram,5,Masc,0,103Y,Prep,0,7,заикается.,R6,Нет,Нет,1.0,0.0,0.0,0.0,0.0,0.0,0.0,0.0,0,0
98,filler,57,0,filler_ungram,4,Masc,0,104N,Instr,0,0,Лётчик,R1,,%2c#,99.0,0.0,0.0,0.0,0.0,0.0,0.0,0.0,0,0
98,filler,57,0,filler_ungram,4,Masc,0,104N,Instr,0,1,летает,R2,,%2c#,99.0,0.0,0.0,0.0,0.0,0.0,0.0,0.0,0,0
98,filler,57,0,filler_ungram,4,Masc,0,104N,Instr,0,2,в,R3,,%2c#,99.0,0.0,0.0,0.0,0.0,0.0,0.0,0.0,0,0
98,filler,57,0,filler_ungram,4,Masc,0,104N,Instr,0,3,Россией,R3,,%2c#,99.0,200.0,200.0,200.0,200.0,200.0,1.0,0.0,0,0
98,filler,57,0,filler_ungram,4,Masc,0,104N,Instr,0,4,регулярно,R4,,%2c#,99.0,201.0,201.0,201.0,201.0,201.0,1.0,0.0,0,0
98,filler,57,0,filler_ungram,4,Masc,0,104N,Instr,0,5,на,R5,,%2c#,99.0,0.0,0.0,0.0,0.0,0.0,0.0,0.0,0,0
98,filler,57,0,filler_ungram,4,Masc,0,104N,Instr,0,6,разных,R5,,%2c#,99.0,0.0,0.0,0.0,0.0,0.0,0.0,0.0,0,0
98,filler,57,0,filler_ungram,4,Masc,0,104N,Instr,0,7,самолетах.,R6,,%2c#,99.0,866.0,866.0,866.0,866.0,866.0,1.0,0.0,0,0
98,filler,58,0,filler_gram,5,Masc,0,104Y,Acc,0,0,Лётчик,R1,Нет,Нет,1.0,299.0,299.0,299.0,299.0,299.0,1.0,0.0,0,0
98,filler,58,0,filler_gram,5,Masc,0,104Y,Acc,0,1,летает,R2,Нет,Нет,1.0,0.0,0.0,0.0,0.0,0.0,0.0,0.0,0,0
98,filler,58,0,filler_gram,5,Masc,0,104Y,Acc,0,2,в,R3,Нет,Нет,1.0,0.0,0.0,0.0,0.0,0.0,0.0,0.0,0,0
98,filler,58,0,filler_gram,5,Masc,0,104Y,Acc,0,3,Россию,R3,Нет,Нет,1.0,300.0,300.0,300.0,300.0,300.0,1.0,0.0,0,0
98,filler,58,0,filler_gram,5,Masc,0,104Y,Acc,0,4,регулярно,R4,Нет,Нет,1.0,349.0,349.0,349.0,349.0,349.0,1.0,0.0,0,0
98,filler,58,0,filler_gram,5,Masc,0,104Y,Acc,0,5,на,R5,Нет,Нет,1.0,0.0,0.0,0.0,0.0,0.0,0.0,0.0,0,0
98,filler,58,0,filler_gram,5,Masc,0,104Y,Acc,0,6,разных,R5,Нет,Нет,1.0,0.0,0.0,0.0,0.0,0.0,0.0,0.0,0,0
98,filler,58,0,filler_gram,5,Masc,0,104Y,Acc,0,7,самолетах.,R6,Нет,Нет,1.0,0.0,0.0,0.0,0.0,0.0,0.0,0.0,0,0
98,filler,59,0,filler_ungram,4,Masc,0,105N,Acc,0,0,Ученик,R1,,%2c#,99.0,451.0,451.0,451.0,451.0,451.0,1.0,0.0,0,0
98,filler,59,0,filler_ungram,4,Masc,0,105N,Acc,0,1,работает,R2,,%2c#,99.0,0.0,0.0,0.0,0.0,0.0,0.0,0.0,0,0
98,filler,59,0,filler_ungram,4,Masc,0,105N,Acc,0,2,в,R3,,%2c#,99.0,0.0,0.0,0.0,0.0,0.0,0.0,0.0,0,0
98,filler,59,0,filler_ungram,4,Masc,0,105N,Acc,0,3,лабораторию,R3,,%2c#,99.0,451.0,451.0,451.0,451.0,451.0,1.0,0.0,0,0
98,filler,59,0,filler_ungram,4,Masc,0,105N,Acc,0,4,часто,R4,,%2c#,99.0,0.0,0.0,0.0,0.0,0.0,0.0,0.0,0,0
98,filler,59,0,filler_ungram,4,Masc,0,105N,Acc,0,5,и,R5,,%2c#,99.0,0.0,0.0,0.0,0.0,0.0,0.0,0.0,0,0
98,filler,59,0,filler_ungram,4,Masc,0,105N,Acc,0,6,всегда,R5,,%2c#,99.0,0.0,0.0,0.0,0.0,0.0,0.0,0.0,0,0
98,filler,59,0,filler_ungram,4,Masc,0,105N,Acc,0,7,с,R6,,%2c#,99.0,0.0,0.0,0.0,0.0,0.0,0.0,0.0,0,0
98,filler,59,0,filler_ungram,4,Masc,0,105N,Acc,0,8,удовольствием.,R6,,%2c#,99.0,350.0,350.0,350.0,350.0,350.0,1.0,0.0,0,0
98,filler,60,0,filler_gram,5,Masc,0,105Y,Prep,0,0,Ученик,R1,Да,Да,1.0,200.0,200.0,200.0,200.0,200.0,1.0,0.0,0,0
98,filler,60,0,filler_gram,5,Masc,0,105Y,Prep,0,1,работает,R2,Да,Да,1.0,200.0,200.0,200.0,200.0,200.0,1.0,0.0,0,0
98,filler,60,0,filler_gram,5,Masc,0,105Y,Prep,0,2,в,R3,Да,Да,1.0,300.0,300.0,300.0,300.0,300.0,1.0,0.0,0,0
98,filler,60,0,filler_gram,5,Masc,0,105Y,Prep,0,3,лаборатории,R3,Да,Да,1.0,199.0,199.0,199.0,199.0,199.0,1.0,0.0,0,0
98,filler,60,0,filler_gram,5,Masc,0,105Y,Prep,0,4,часто,R4,Да,Да,1.0,0.0,0.0,0.0,0.0,0.0,0.0,0.0,0,0
98,filler,60,0,filler_gram,5,Masc,0,105Y,Prep,0,5,и,R5,Да,Да,1.0,0.0,0.0,0.0,0.0,0.0,0.0,0.0,0,0
98,filler,60,0,filler_gram,5,Masc,0,105Y,Prep,0,6,всегда,R5,Да,Да,1.0,0.0,0.0,0.0,0.0,0.0,0.0,0.0,0,0
98,filler,60,0,filler_gram,5,Masc,0,105Y,Prep,0,7,с,R6,Да,Да,1.0,0.0,0.0,0.0,0.0,0.0,0.0,0.0,0,0
98,filler,60,0,filler_gram,5,Masc,0,105Y,Prep,0,8,удовольствием.,R6,Да,Да,1.0,349.0,349.0,349.0,349.0,349.0,1.0,0.0,0,0
98,filler,61,0,filler_ungram,4,Masc,0,106N,Instr,0,0,Художник,R1,,%2c#,99.0,449.0,449.0,449.0,449.0,449.0,1.0,0.0,0,0
98,filler,61,0,filler_ungram,4,Masc,0,106N,Instr,0,1,едет,R2,,%2c#,99.0,0.0,0.0,0.0,0.0,0.0,0.0,0.0,0,0
98,filler,61,0,filler_ungram,4,Masc,0,106N,Instr,0,2,в,R3,,%2c#,99.0,0.0,0.0,0.0,0.0,0.0,0.0,0.0,0,0
98,filler,61,0,filler_ungram,4,Masc,0,106N,Instr,0,3,командировкой,R3,,%2c#,99.0,250.0,250.0,250.0,250.0,250.0,1.0,0.0,0,0
98,filler,61,0,filler_ungram,4,Masc,0,106N,Instr,0,4,неохотно,R4,,%2c#,99.0,250.0,250.0,0.0,0.0,0.0,0.0,0.0,0,1
98,filler,61,0,filler_ungram,4,Masc,0,106N,Instr,0,5,и,R5,,%2c#,99.0,0.0,0.0,0.0,0.0,0.0,0.0,0.0,0,0
98,filler,61,0,filler_ungram,4,Masc,0,106N,Instr,0,6,быстро,R5,,%2c#,99.0,0.0,0.0,0.0,0.0,0.0,0.0,0.0,0,0
98,filler,61,0,filler_ungram,4,Masc,0,106N,Instr,0,7,возвращается.,R6,,%2c#,99.0,550.0,550.0,550.0,550.0,800.0,1.0,1.0,0,0
98,filler,62,0,filler_gram,5,Masc,0,106Y,Acc,0,0,Художник,R1,Нет,Нет,1.0,250.0,250.0,250.0,250.0,250.0,1.0,0.0,0,0
98,filler,62,0,filler_gram,5,Masc,0,106Y,Acc,0,1,едет,R2,Нет,Нет,1.0,0.0,0.0,0.0,0.0,0.0,0.0,0.0,0,0
98,filler,62,0,filler_gram,5,Masc,0,106Y,Acc,0,2,в,R3,Нет,Нет,1.0,0.0,0.0,0.0,0.0,0.0,0.0,0.0,0,0
98,filler,62,0,filler_gram,5,Masc,0,106Y,Acc,0,3,командировку,R3,Нет,Нет,1.0,400.0,400.0,400.0,400.0,400.0,1.0,0.0,0,0
98,filler,62,0,filler_gram,5,Masc,0,106Y,Acc,0,4,неохотно,R4,Нет,Нет,1.0,250.0,250.0,250.0,250.0,250.0,1.0,0.0,0,0
98,filler,62,0,filler_gram,5,Masc,0,106Y,Acc,0,5,и,R5,Нет,Нет,1.0,0.0,0.0,0.0,0.0,0.0,0.0,0.0,0,0
98,filler,62,0,filler_gram,5,Masc,0,106Y,Acc,0,6,быстро,R5,Нет,Нет,1.0,0.0,0.0,0.0,0.0,0.0,0.0,0.0,0,0
98,filler,62,0,filler_gram,5,Masc,0,106Y,Acc,0,7,возвращается.,R6,Нет,Нет,1.0,400.0,400.0,400.0,400.0,400.0,1.0,0.0,0,0
98,filler,63,0,filler_ungram,4,Masc,0,107N,Acc,0,0,Студент,R1,,%2c#,99.0,450.0,450.0,450.0,450.0,450.0,1.0,0.0,0,0
98,filler,63,0,filler_ungram,4,Masc,0,107N,Acc,0,1,играет,R2,,%2c#,99.0,249.0,249.0,249.0,249.0,249.0,1.0,0.0,0,0
98,filler,63,0,filler_ungram,4,Masc,0,107N,Acc,0,2,на,R3,,%2c#,99.0,0.0,0.0,0.0,0.0,0.0,0.0,0.0,0,0
98,filler,63,0,filler_ungram,4,Masc,0,107N,Acc,0,3,площадку,R3,,%2c#,99.0,300.0,300.0,300.0,300.0,300.0,1.0,0.0,0,0
98,filler,63,0,filler_ungram,4,Masc,0,107N,Acc,0,4,на,R4,,%2c#,99.0,0.0,0.0,0.0,0.0,0.0,0.0,0.0,0,0
98,filler,63,0,filler_ungram,4,Masc,0,107N,Acc,0,5,скрипке,R4,,%2c#,99.0,200.0,200.0,200.0,200.0,200.0,1.0,0.0,0,0
98,filler,63,0,filler_ungram,4,Masc,0,107N,Acc,0,6,тихо,R5,,%2c#,99.0,0.0,0.0,0.0,0.0,0.0,0.0,0.0,0,0
98,filler,63,0,filler_ungram,4,Masc,0,107N,Acc,0,7,и,R6,,%2c#,99.0,0.0,0.0,0.0,0.0,0.0,0.0,0.0,0,0
98,filler,63,0,filler_ungram,4,Masc,0,107N,Acc,0,8,неумело.,R6,,%2c#,99.0,0.0,0.0,0.0,0.0,0.0,0.0,0.0,0,0
98,filler,64,0,filler_gram,5,Masc,0,107Y,Prep,0,0,Студент,R1,Нет,Нет,1.0,401.0,401.0,401.0,401.0,401.0,1.0,0.0,0,0
98,filler,64,0,filler_gram,5,Masc,0,107Y,Prep,0,1,играет,R2,Нет,Нет,1.0,0.0,0.0,0.0,0.0,0.0,0.0,0.0,0,0
98,filler,64,0,filler_gram,5,Masc,0,107Y,Prep,0,2,на,R3,Нет,Нет,1.0,0.0,0.0,0.0,0.0,0.0,0.0,0.0,0,0
98,filler,64,0,filler_gram,5,Masc,0,107Y,Prep,0,3,площадке,R3,Нет,Нет,1.0,351.0,351.0,351.0,351.0,351.0,1.0,0.0,0,0
98,filler,64,0,filler_gram,5,Masc,0,107Y,Prep,0,4,на,R4,Нет,Нет,1.0,0.0,0.0,0.0,0.0,0.0,0.0,0.0,0,0
98,filler,64,0,filler_gram,5,Masc,0,107Y,Prep,0,5,скрипке,R4,Нет,Нет,1.0,201.0,201.0,201.0,201.0,201.0,1.0,0.0,0,0
98,filler,64,0,filler_gram,5,Masc,0,107Y,Prep,0,6,тихо,R5,Нет,Нет,1.0,0.0,0.0,0.0,0.0,0.0,0.0,0.0,0,0
98,filler,64,0,filler_gram,5,Masc,0,107Y,Prep,0,7,и,R6,Нет,Нет,1.0,0.0,0.0,0.0,0.0,0.0,0.0,0.0,0,0
98,filler,64,0,filler_gram,5,Masc,0,107Y,Prep,0,8,неумело.,R6,Нет,Нет,1.0,0.0,0.0,0.0,0.0,0.0,0.0,0.0,0,0
98,filler,65,0,filler_ungram,4,Masc,0,108N,Instr,0,0,Директор,R1,,%2c#,99.0,350.0,901.0,350.0,350.0,350.0,1.0,0.0,1,1
98,filler,65,0,filler_ungram,4,Masc,0,108N,Instr,0,1,уходит,R2,,%2c#,99.0,300.0,300.0,0.0,0.0,0.0,0.0,0.0,0,1
98,filler,65,0,filler_ungram,4,Masc,0,108N,Instr,0,2,на,R3,,%2c#,99.0,300.0,549.0,0.0,0.0,0.0,0.0,0.0,0,1
98,filler,65,0,filler_ungram,4,Masc,0,108N,Instr,0,3,работой,R3,,%2c#,99.0,200.0,1100.0,200.0,200.0,200.0,1.0,0.0,1,1
98,filler,65,0,filler_ungram,4,Masc,0,108N,Instr,0,4,рано,R4,,%2c#,99.0,349.0,349.0,0.0,0.0,0.0,0.0,0.0,0,1
98,filler,65,0,filler_ungram,4,Masc,0,108N,Instr,0,5,и,R5,,%2c#,99.0,0.0,0.0,0.0,0.0,0.0,0.0,0.0,0,0
98,filler,65,0,filler_ungram,4,Masc,0,108N,Instr,0,6,остается,R5,,%2c#,99.0,350.0,350.0,350.0,350.0,2999.0,1.0,1.0,0,0
98,filler,65,0,filler_ungram,4,Masc,0,108N,Instr,0,7,допоздна.,R6,,%2c#,99.0,399.0,399.0,399.0,399.0,399.0,1.0,0.0,0,0
98,filler,66,0,filler_gram,5,Masc,0,108Y,Acc,0,0,Директор,R1,Да,Да,1.0,550.0,550.0,550.0,550.0,550.0,1.0,0.0,0,0
98,filler,66,0,filler_gram,5,Masc,0,108Y,Acc,0,1,уходит,R2,Да,Да,1.0,0.0,0.0,0.0,0.0,0.0,0.0,0.0,0,0
98,filler,66,0,filler_gram,5,Masc,0,108Y,Acc,0,2,на,R3,Да,Да,1.0,0.0,0.0,0.0,0.0,0.0,0.0,0.0,0,0
98,filler,66,0,filler_gram,5,Masc,0,108Y,Acc,0,3,работу,R3,Да,Да,1.0,0.0,0.0,0.0,0.0,0.0,0.0,0.0,0,0
98,filler,66,0,filler_gram,5,Masc,0,108Y,Acc,0,4,рано,R4,Да,Да,1.0,0.0,0.0,0.0,0.0,0.0,0.0,0.0,0,0
98,filler,66,0,filler_gram,5,Masc,0,108Y,Acc,0,5,и,R5,Да,Да,1.0,0.0,0.0,0.0,0.0,0.0,0.0,0.0,0,0
98,filler,66,0,filler_gram,5,Masc,0,108Y,Acc,0,6,остается,R5,Да,Да,1.0,0.0,0.0,0.0,0.0,0.0,0.0,0.0,0,0
98,filler,66,0,filler_gram,5,Masc,0,108Y,Acc,0,7,допоздна.,R6,Да,Да,1.0,250.0,250.0,250.0,250.0,250.0,1.0,0.0,0,0
98,filler,87,0,filler_ungram,4,Fem,0,119N,Acc,0,0,Девушка,R1,,%2c#,99.0,201.0,201.0,201.0,201.0,201.0,1.0,0.0,0,0
98,filler,87,0,filler_ungram,4,Fem,0,119N,Acc,0,1,курит,R2,,%2c#,99.0,199.0,199.0,199.0,199.0,199.0,1.0,0.0,0,0
98,filler,87,0,filler_ungram,4,Fem,0,119N,Acc,0,2,в,R3,,%2c#,99.0,0.0,0.0,0.0,0.0,0.0,0.0,0.0,0,0
98,filler,87,0,filler_ungram,4,Fem,0,119N,Acc,0,3,офис,R3,,%2c#,99.0,0.0,0.0,0.0,0.0,0.0,0.0,0.0,0,0
98,filler,87,0,filler_ungram,4,Fem,0,119N,Acc,0,4,открыто,R4,,%2c#,99.0,200.0,200.0,200.0,200.0,200.0,1.0,0.0,0,0
98,filler,87,0,filler_ungram,4,Fem,0,119N,Acc,0,5,вопреки,R5,,%2c#,99.0,0.0,0.0,0.0,0.0,0.0,0.0,0.0,0,0
98,filler,87,0,filler_ungram,4,Fem,0,119N,Acc,0,6,правилам.,R6,,%2c#,99.0,351.0,351.0,351.0,351.0,351.0,1.0,0.0,0,0
98,filler,88,0,filler_gram,5,Fem,0,119Y,Prep,0,0,Девушка,R1,да,да,1.0,500.0,500.0,500.0,500.0,500.0,1.0,0.0,0,0
98,filler,88,0,filler_gram,5,Fem,0,119Y,Prep,0,1,курит,R2,да,да,1.0,0.0,0.0,0.0,0.0,0.0,0.0,0.0,0,0
98,filler,88,0,filler_gram,5,Fem,0,119Y,Prep,0,2,в,R3,да,да,1.0,250.0,250.0,250.0,250.0,250.0,1.0,0.0,0,0
98,filler,88,0,filler_gram,5,Fem,0,119Y,Prep,0,3,офисе,R3,да,да,1.0,0.0,0.0,0.0,0.0,0.0,0.0,0.0,0,0
98,filler,88,0,filler_gram,5,Fem,0,119Y,Prep,0,4,открыто,R4,да,да,1.0,0.0,0.0,0.0,0.0,0.0,0.0,0.0,0,0
98,filler,88,0,filler_gram,5,Fem,0,119Y,Prep,0,5,вопреки,R5,да,да,1.0,201.0,201.0,201.0,201.0,201.0,1.0,0.0,0,0
98,filler,88,0,filler_gram,5,Fem,0,119Y,Prep,0,6,правилам.,R6,да,да,1.0,1049.0,1049.0,1049.0,1049.0,1049.0,1.0,0.0,0,0
98,filler,89,0,filler_ungram,4,Fem,0,120N,Instr,0,0,Студентка,R1,Нет,Нет,1.0,400.0,400.0,400.0,400.0,400.0,1.0,0.0,0,0
98,filler,89,0,filler_ungram,4,Fem,0,120N,Instr,0,1,выбегает,R2,Нет,Нет,1.0,251.0,251.0,251.0,251.0,251.0,1.0,0.0,0,0
98,filler,89,0,filler_ungram,4,Fem,0,120N,Instr,0,2,в,R3,Нет,Нет,1.0,0.0,0.0,0.0,0.0,0.0,0.0,0.0,0,0
98,filler,89,0,filler_ungram,4,Fem,0,120N,Instr,0,3,коридором,R3,Нет,Нет,1.0,300.0,300.0,300.0,300.0,300.0,1.0,0.0,0,0
98,filler,89,0,filler_ungram,4,Fem,0,120N,Instr,0,4,быстро,R4,Нет,Нет,1.0,0.0,0.0,0.0,0.0,0.0,0.0,0.0,0,0
98,filler,89,0,filler_ungram,4,Fem,0,120N,Instr,0,5,и,R5,Нет,Нет,1.0,0.0,0.0,0.0,0.0,0.0,0.0,0.0,0,0
98,filler,89,0,filler_ungram,4,Fem,0,120N,Instr,0,6,сразу,R5,Нет,Нет,1.0,0.0,0.0,0.0,0.0,0.0,0.0,0.0,0,0
98,filler,89,0,filler_ungram,4,Fem,0,120N,Instr,0,7,прячется.,R6,Нет,Нет,1.0,0.0,0.0,0.0,0.0,0.0,0.0,0.0,0,0
98,filler,90,0,filler_gram,5,Fem,0,120Y,Acc,0,0,Студентка,R1,,%2c#,99.0,199.0,199.0,199.0,199.0,199.0,1.0,0.0,0,0
98,filler,90,0,filler_gram,5,Fem,0,120Y,Acc,0,1,выбегает,R2,,%2c#,99.0,251.0,251.0,251.0,251.0,251.0,1.0,0.0,0,0
98,filler,90,0,filler_gram,5,Fem,0,120Y,Acc,0,2,в,R3,,%2c#,99.0,0.0,0.0,0.0,0.0,0.0,0.0,0.0,0,0
98,filler,90,0,filler_gram,5,Fem,0,120Y,Acc,0,3,коридор,R3,,%2c#,99.0,250.0,250.0,250.0,250.0,250.0,1.0,0.0,0,0
98,filler,90,0,filler_gram,5,Fem,0,120Y,Acc,0,4,быстро,R4,,%2c#,99.0,200.0,200.0,200.0,200.0,200.0,1.0,0.0,0,0
98,filler,90,0,filler_gram,5,Fem,0,120Y,Acc,0,5,и,R5,,%2c#,99.0,0.0,0.0,0.0,0.0,0.0,0.0,0.0,0,0
98,filler,90,0,filler_gram,5,Fem,0,120Y,Acc,0,6,сразу,R5,,%2c#,99.0,0.0,0.0,0.0,0.0,0.0,0.0,0.0,0,0
98,filler,90,0,filler_gram,5,Fem,0,120Y,Acc,0,7,прячется.,R6,,%2c#,99.0,0.0,0.0,0.0,0.0,0.0,0.0,0.0,0,0
98,filler,91,0,filler_ungram,4,Fem,0,121N,Acc,0,0,Девочка,R1,,%2c#,99.0,199.0,199.0,199.0,199.0,199.0,1.0,0.0,0,0
98,filler,91,0,filler_ungram,4,Fem,0,121N,Acc,0,1,отдыхает,R2,,%2c#,99.0,0.0,0.0,0.0,0.0,0.0,0.0,0.0,0,0
98,filler,91,0,filler_ungram,4,Fem,0,121N,Acc,0,2,на,R3,,%2c#,99.0,0.0,0.0,0.0,0.0,0.0,0.0,0.0,0,0
98,filler,91,0,filler_ungram,4,Fem,0,121N,Acc,0,3,диван,R3,,%2c#,99.0,200.0,200.0,200.0,200.0,200.0,1.0,0.0,0,0
98,filler,91,0,filler_ungram,4,Fem,0,121N,Acc,0,4,спокойно,R4,,%2c#,99.0,350.0,350.0,350.0,350.0,350.0,1.0,0.0,0,0
98,filler,91,0,filler_ungram,4,Fem,0,121N,Acc,0,5,и,R5,,%2c#,99.0,0.0,0.0,0.0,0.0,0.0,0.0,0.0,0,0
98,filler,91,0,filler_ungram,4,Fem,0,121N,Acc,0,6,никого,R5,,%2c#,99.0,0.0,0.0,0.0,0.0,0.0,0.0,0.0,0,0
98,filler,91,0,filler_ungram,4,Fem,0,121N,Acc,0,7,не,R6,,%2c#,99.0,0.0,0.0,0.0,0.0,0.0,0.0,0.0,0,0
98,filler,91,0,filler_ungram,4,Fem,0,121N,Acc,0,8,зовет.,R6,,%2c#,99.0,489.0,489.0,489.0,489.0,489.0,1.0,0.0,0,0
98,filler,92,0,filler_gram,5,Fem,0,121Y,Prep,0,0,Девочка,R1,нет,нет,1.0,250.0,250.0,250.0,250.0,250.0,1.0,0.0,0,0
98,filler,92,0,filler_gram,5,Fem,0,121Y,Prep,0,1,отдыхает,R2,нет,нет,1.0,250.0,250.0,250.0,250.0,250.0,1.0,0.0,0,0
98,filler,92,0,filler_gram,5,Fem,0,121Y,Prep,0,2,на,R3,нет,нет,1.0,0.0,0.0,0.0,0.0,0.0,0.0,0.0,0,0
98,filler,92,0,filler_gram,5,Fem,0,121Y,Prep,0,3,диване,R3,нет,нет,1.0,250.0,250.0,250.0,250.0,250.0,1.0,0.0,0,0
98,filler,92,0,filler_gram,5,Fem,0,121Y,Prep,0,4,спокойно,R4,нет,нет,1.0,0.0,0.0,0.0,0.0,0.0,0.0,0.0,0,0
98,filler,92,0,filler_gram,5,Fem,0,121Y,Prep,0,5,и,R5,нет,нет,1.0,0.0,0.0,0.0,0.0,0.0,0.0,0.0,0,0
98,filler,92,0,filler_gram,5,Fem,0,121Y,Prep,0,6,никого,R5,нет,нет,1.0,0.0,0.0,0.0,0.0,0.0,0.0,0.0,0,0
98,filler,92,0,filler_gram,5,Fem,0,121Y,Prep,0,7,не,R6,нет,нет,1.0,0.0,0.0,0.0,0.0,0.0,0.0,0.0,0,0
98,filler,92,0,filler_gram,5,Fem,0,121Y,Prep,0,8,зовет.,R6,нет,нет,1.0,3314.0,3314.0,3314.0,3314.0,3314.0,1.0,0.0,0,0
98,filler,93,0,filler_ungram,4,Fem,0,122N,Instr,0,0,Учительница,R1,Да,Да,1.0,449.0,449.0,449.0,449.0,449.0,1.0,0.0,0,0
98,filler,93,0,filler_ungram,4,Fem,0,122N,Instr,0,1,спешит,R2,Да,Да,1.0,0.0,0.0,0.0,0.0,0.0,0.0,0.0,0,0
98,filler,93,0,filler_ungram,4,Fem,0,122N,Instr,0,2,в,R3,Да,Да,1.0,0.0,0.0,0.0,0.0,0.0,0.0,0.0,0,0
98,filler,93,0,filler_ungram,4,Fem,0,122N,Instr,0,3,кабинетом,R3,Да,Да,1.0,401.0,401.0,401.0,401.0,401.0,1.0,0.0,0,0
98,filler,93,0,filler_ungram,4,Fem,0,122N,Instr,0,4,по,R4,Да,Да,1.0,0.0,0.0,0.0,0.0,0.0,0.0,0.0,0,0
98,filler,93,0,filler_ungram,4,Fem,0,122N,Instr,0,5,срочному,R4,Да,Да,1.0,0.0,0.0,0.0,0.0,0.0,0.0,0.0,0,0
98,filler,93,0,filler_ungram,4,Fem,0,122N,Instr,0,6,вызову,R5,Да,Да,1.0,0.0,0.0,0.0,0.0,0.0,0.0,0.0,0,0
98,filler,93,0,filler_ungram,4,Fem,0,122N,Instr,0,7,директора.,R6,Да,Да,1.0,2605.0,2605.0,2605.0,2605.0,2605.0,1.0,0.0,0,0
98,filler,94,0,filler_gram,5,Fem,0,122Y,Acc,0,0,Учительница,R1,,%2c#,99.0,450.0,450.0,450.0,450.0,450.0,1.0,0.0,0,0
98,filler,94,0,filler_gram,5,Fem,0,122Y,Acc,0,1,спешит,R2,,%2c#,99.0,0.0,0.0,0.0,0.0,0.0,0.0,0.0,0,0
98,filler,94,0,filler_gram,5,Fem,0,122Y,Acc,0,2,в,R3,,%2c#,99.0,0.0,0.0,0.0,0.0,0.0,0.0,0.0,0,0
98,filler,94,0,filler_gram,5,Fem,0,122Y,Acc,0,3,кабинет,R3,,%2c#,99.0,300.0,300.0,300.0,300.0,300.0,1.0,0.0,0,0
98,filler,94,0,filler_gram,5,Fem,0,122Y,Acc,0,4,по,R4,,%2c#,99.0,0.0,0.0,0.0,0.0,0.0,0.0,0.0,0,0
98,filler,94,0,filler_gram,5,Fem,0,122Y,Acc,0,5,срочному,R4,,%2c#,99.0,0.0,0.0,0.0,0.0,0.0,0.0,0.0,0,0
98,filler,94,0,filler_gram,5,Fem,0,122Y,Acc,0,6,вызову,R5,,%2c#,99.0,0.0,0.0,0.0,0.0,0.0,0.0,0.0,0,0
98,filler,94,0,filler_gram,5,Fem,0,122Y,Acc,0,7,директора.,R6,,%2c#,99.0,251.0,251.0,251.0,251.0,251.0,1.0,0.0,0,0
98,filler,95,0,filler_ungram,4,Fem,0,123N,Acc,0,0,Женщина,R1,,%2c#,99.0,200.0,200.0,200.0,200.0,200.0,1.0,0.0,0,0
98,filler,95,0,filler_ungram,4,Fem,0,123N,Acc,0,1,выглядит,R2,,%2c#,99.0,300.0,300.0,300.0,300.0,300.0,1.0,0.0,0,0
98,filler,95,0,filler_ungram,4,Fem,0,123N,Acc,0,2,в,R3,,%2c#,99.0,0.0,0.0,0.0,0.0,0.0,0.0,0.0,0,0
98,filler,95,0,filler_ungram,4,Fem,0,123N,Acc,0,3,журнал,R3,,%2c#,99.0,0.0,0.0,0.0,0.0,0.0,0.0,0.0,0,0
98,filler,95,0,filler_ungram,4,Fem,0,123N,Acc,0,4,сильно,R4,,%2c#,99.0,200.0,200.0,200.0,200.0,200.0,1.0,0.0,0,0
98,filler,95,0,filler_ungram,4,Fem,0,123N,Acc,0,5,моложе,R5,,%2c#,99.0,200.0,200.0,200.0,200.0,200.0,1.0,0.0,0,0
98,filler,95,0,filler_ungram,4,Fem,0,123N,Acc,0,6,своих,R6,,%2c#,99.0,0.0,0.0,0.0,0.0,0.0,0.0,0.0,0,0
98,filler,95,0,filler_ungram,4,Fem,0,123N,Acc,0,7,лет.,R6,,%2c#,99.0,0.0,0.0,0.0,0.0,0.0,0.0,0.0,0,0
98,filler,96,0,filler_gram,5,Fem,0,123Y,Prep,0,0,Женщина,R1,Да,Да,1.0,250.0,250.0,250.0,250.0,250.0,1.0,0.0,0,0
98,filler,96,0,filler_gram,5,Fem,0,123Y,Prep,0,1,выглядит,R2,Да,Да,1.0,250.0,250.0,250.0,250.0,250.0,1.0,0.0,0,0
98,filler,96,0,filler_gram,5,Fem,0,123Y,Prep,0,2,в,R3,Да,Да,1.0,0.0,0.0,0.0,0.0,0.0,0.0,0.0,0,0
98,filler,96,0,filler_gram,5,Fem,0,123Y,Prep,0,3,журнале,R3,Да,Да,1.0,0.0,0.0,0.0,0.0,0.0,0.0,0.0,0,0
98,filler,96,0,filler_gram,5,Fem,0,123Y,Prep,0,4,сильно,R4,Да,Да,1.0,0.0,0.0,0.0,0.0,0.0,0.0,0.0,0,0
98,filler,96,0,filler_gram,5,Fem,0,123Y,Prep,0,5,моложе,R5,Да,Да,1.0,201.0,201.0,201.0,201.0,201.0,1.0,0.0,0,0
98,filler,96,0,filler_gram,5,Fem,0,123Y,Prep,0,6,своих,R6,Да,Да,1.0,250.0,250.0,250.0,250.0,250.0,1.0,0.0,0,0
98,filler,96,0,filler_gram,5,Fem,0,123Y,Prep,0,7,лет.,R6,Да,Да,1.0,249.0,249.0,249.0,249.0,249.0,1.0,0.0,0,0
98,filler,97,0,filler_ungram,4,Fem,0,124N,Acc,0,0,Рыба,R1,Нет,Нет,1.0,0.0,0.0,0.0,0.0,0.0,0.0,0.0,0,0
98,filler,97,0,filler_ungram,4,Fem,0,124N,Acc,0,1,плавает,R2,Нет,Нет,1.0,450.0,450.0,450.0,450.0,450.0,1.0,0.0,0,0
98,filler,97,0,filler_ungram,4,Fem,0,124N,Acc,0,2,в,R3,Нет,Нет,1.0,0.0,0.0,0.0,0.0,0.0,0.0,0.0,0,0
98,filler,97,0,filler_ungram,4,Fem,0,124N,Acc,0,3,аквариум,R3,Нет,Нет,1.0,0.0,0.0,0.0,0.0,0.0,0.0,0.0,0,0
98,filler,97,0,filler_ungram,4,Fem,0,124N,Acc,0,4,неторопливо,R4,Нет,Нет,1.0,501.0,501.0,501.0,501.0,501.0,1.0,0.0,0,0
98,filler,97,0,filler_ungram,4,Fem,0,124N,Acc,0,5,среди,R5,Нет,Нет,1.0,0.0,0.0,0.0,0.0,0.0,0.0,0.0,0,0
98,filler,97,0,filler_ungram,4,Fem,0,124N,Acc,0,6,водорослей.,R6,Нет,Нет,1.0,2848.0,2848.0,2848.0,2848.0,2848.0,1.0,0.0,0,0
98,filler,98,0,filler_gram,5,Fem,0,124Y,Prep,0,0,Рыба,R1,,%2c#,99.0,448.0,448.0,448.0,448.0,448.0,1.0,0.0,0,0
98,filler,98,0,filler_gram,5,Fem,0,124Y,Prep,0,1,плавает,R2,,%2c#,99.0,250.0,250.0,250.0,250.0,250.0,1.0,0.0,0,0
98,filler,98,0,filler_gram,5,Fem,0,124Y,Prep,0,2,в,R3,,%2c#,99.0,0.0,0.0,0.0,0.0,0.0,0.0,0.0,0,0
98,filler,98,0,filler_gram,5,Fem,0,124Y,Prep,0,3,аквариуме,R3,,%2c#,99.0,201.0,201.0,201.0,201.0,201.0,1.0,0.0,0,0
98,filler,98,0,filler_gram,5,Fem,0,124Y,Prep,0,4,неторопливо,R4,,%2c#,99.0,251.0,251.0,251.0,251.0,251.0,1.0,0.0,0,0
98,filler,98,0,filler_gram,5,Fem,0,124Y,Prep,0,5,среди,R5,,%2c#,99.0,0.0,0.0,0.0,0.0,0.0,0.0,0.0,0,0
98,filler,98,0,filler_gram,5,Fem,0,124Y,Prep,0,6,водорослей.,R6,,%2c#,99.0,872.0,872.0,872.0,872.0,872.0,1.0,0.0,0,0
98,filler,99,0,filler_ungram,4,Fem,0,125N,Acc,0,0,Официантка,R1,,%2c#,99.0,651.0,651.0,651.0,651.0,651.0,1.0,0.0,0,0
98,filler,99,0,filler_ungram,4,Fem,0,125N,Acc,0,1,работает,R2,,%2c#,99.0,300.0,300.0,300.0,300.0,300.0,1.0,0.0,0,0
98,filler,99,0,filler_ungram,4,Fem,0,125N,Acc,0,2,в,R3,,%2c#,99.0,0.0,0.0,0.0,0.0,0.0,0.0,0.0,0,0
98,filler,99,0,filler_ungram,4,Fem,0,125N,Acc,0,3,ресторан,R3,,%2c#,99.0,299.0,299.0,299.0,299.0,299.0,1.0,0.0,0,0
98,filler,99,0,filler_ungram,4,Fem,0,125N,Acc,0,4,усерднее,R4,,%2c#,99.0,0.0,0.0,0.0,0.0,0.0,0.0,0.0,0,0
98,filler,99,0,filler_ungram,4,Fem,0,125N,Acc,0,5,всех,R5,,%2c#,99.0,251.0,251.0,251.0,251.0,251.0,1.0,0.0,0,0
98,filler,99,0,filler_ungram,4,Fem,0,125N,Acc,0,6,остальных.,R6,,%2c#,99.0,0.0,0.0,0.0,0.0,0.0,0.0,0.0,0,0
98,filler,100,0,filler_gram,5,Fem,0,125Y,Prep,0,0,Официантка,R1,Да,Да,1.0,599.0,599.0,599.0,599.0,599.0,1.0,0.0,0,0
98,filler,100,0,filler_gram,5,Fem,0,125Y,Prep,0,1,работает,R2,Да,Да,1.0,301.0,301.0,301.0,301.0,301.0,1.0,0.0,0,0
98,filler,100,0,filler_gram,5,Fem,0,125Y,Prep,0,2,в,R3,Да,Да,1.0,0.0,0.0,0.0,0.0,0.0,0.0,0.0,0,0
98,filler,100,0,filler_gram,5,Fem,0,125Y,Prep,0,3,ресторане,R3,Да,Да,1.0,199.0,199.0,199.0,199.0,199.0,1.0,0.0,0,0
98,filler,100,0,filler_gram,5,Fem,0,125Y,Prep,0,4,усерднее,R4,Да,Да,1.0,200.0,200.0,200.0,200.0,200.0,1.0,0.0,0,0
98,filler,100,0,filler_gram,5,Fem,0,125Y,Prep,0,5,всех,R5,Да,Да,1.0,0.0,0.0,0.0,0.0,0.0,0.0,0.0,0,0
98,filler,100,0,filler_gram,5,Fem,0,125Y,Prep,0,6,остальных.,R6,Да,Да,1.0,0.0,0.0,0.0,0.0,0.0,0.0,0.0,0,0
98,filler,101,0,filler_ungram,4,Fem,0,126N,Instr,0,0,Медсестра,R1,Нет,Нет,1.0,251.0,251.0,251.0,251.0,251.0,1.0,0.0,0,0
98,filler,101,0,filler_ungram,4,Fem,0,126N,Instr,0,1,уходит,R2,Нет,Нет,1.0,251.0,251.0,251.0,251.0,251.0,1.0,0.0,0,0
98,filler,101,0,filler_ungram,4,Fem,0,126N,Instr,0,2,в,R3,Нет,Нет,1.0,0.0,0.0,0.0,0.0,0.0,0.0,0.0,0,0
98,filler,101,0,filler_ungram,4,Fem,0,126N,Instr,0,3,госпиталем,R3,Нет,Нет,1.0,299.0,299.0,299.0,299.0,299.0,1.0,0.0,0,0
98,filler,101,0,filler_ungram,4,Fem,0,126N,Instr,0,4,на,R4,Нет,Нет,1.0,0.0,0.0,0.0,0.0,0.0,0.0,0.0,0,0
98,filler,101,0,filler_ungram,4,Fem,0,126N,Instr,0,5,дежурство,R4,Нет,Нет,1.0,0.0,0.0,0.0,0.0,0.0,0.0,0.0,0,0
98,filler,101,0,filler_ungram,4,Fem,0,126N,Instr,0,6,после,R5,Нет,Нет,1.0,0.0,0.0,0.0,0.0,0.0,0.0,0.0,0,0
98,filler,101,0,filler_ungram,4,Fem,0,126N,Instr,0,7,обеда.,R6,Нет,Нет,1.0,0.0,0.0,0.0,0.0,0.0,0.0,0.0,0,0
98,filler,102,0,filler_gram,5,Fem,0,126Y,Acc,0,0,Медсестра,R1,,%2c#,99.0,400.0,400.0,400.0,400.0,400.0,1.0,0.0,0,0
98,filler,102,0,filler_gram,5,Fem,0,126Y,Acc,0,1,уходит,R2,,%2c#,99.0,0.0,0.0,0.0,0.0,0.0,0.0,0.0,0,0
98,filler,102,0,filler_gram,5,Fem,0,126Y,Acc,0,2,в,R3,,%2c#,99.0,0.0,0.0,0.0,0.0,0.0,0.0,0.0,0,0
98,filler,102,0,filler_gram,5,Fem,0,126Y,Acc,0,3,больницу,R3,,%2c#,99.0,248.0,248.0,248.0,248.0,248.0,1.0,0.0,0,0
98,filler,102,0,filler_gram,5,Fem,0,126Y,Acc,0,4,на,R4,,%2c#,99.0,0.0,0.0,0.0,0.0,0.0,0.0,0.0,0,0
98,filler,102,0,filler_gram,5,Fem,0,126Y,Acc,0,5,дежурство,R4,,%2c#,99.0,0.0,0.0,0.0,0.0,0.0,0.0,0.0,0,0
98,filler,102,0,filler_gram,5,Fem,0,126Y,Acc,0,6,после,R5,,%2c#,99.0,0.0,0.0,0.0,0.0,0.0,0.0,0.0,0,0
98,filler,102,0,filler_gram,5,Fem,0,126Y,Acc,0,7,обеда.,R6,,%2c#,99.0,0.0,0.0,0.0,0.0,0.0,0.0,0.0,0,0
98,filler,123,0,filler_ungram,4,Neut,0,137N,Acc,0,0,Привидение,R1,,%2c#,99.0,399.0,399.0,399.0,399.0,399.0,1.0,0.0,0,0
98,filler,123,0,filler_ungram,4,Neut,0,137N,Acc,0,1,живёт,R2,,%2c#,99.0,0.0,0.0,0.0,0.0,0.0,0.0,0.0,0,0
98,filler,123,0,filler_ungram,4,Neut,0,137N,Acc,0,2,в,R3,,%2c#,99.0,0.0,0.0,0.0,0.0,0.0,0.0,0.0,0,0
98,filler,123,0,filler_ungram,4,Neut,0,137N,Acc,0,3,шкаф,R3,,%2c#,99.0,0.0,0.0,0.0,0.0,0.0,0.0,0.0,0,0
98,filler,123,0,filler_ungram,4,Neut,0,137N,Acc,0,4,давно,R4,,%2c#,99.0,0.0,0.0,0.0,0.0,0.0,0.0,0.0,0,0
98,filler,123,0,filler_ungram,4,Neut,0,137N,Acc,0,5,и,R5,,%2c#,99.0,0.0,0.0,0.0,0.0,0.0,0.0,0.0,0,0
98,filler,123,0,filler_ungram,4,Neut,0,137N,Acc,0,6,никого,R5,,%2c#,99.0,249.0,249.0,249.0,249.0,249.0,1.0,0.0,0,0
98,filler,123,0,filler_ungram,4,Neut,0,137N,Acc,0,7,не,R6,,%2c#,99.0,0.0,0.0,0.0,0.0,0.0,0.0,0.0,0,0
98,filler,123,0,filler_ungram,4,Neut,0,137N,Acc,0,8,беспокоит.,R6,,%2c#,99.0,0.0,0.0,0.0,0.0,0.0,0.0,0.0,0,0
98,filler,124,0,filler_gram,5,Neut,0,137Y,Prep,0,0,Привидение,R1,Нет,Нет,1.0,500.0,500.0,500.0,500.0,500.0,1.0,0.0,0,0
98,filler,124,0,filler_gram,5,Neut,0,137Y,Prep,0,1,живёт,R2,Нет,Нет,1.0,250.0,250.0,250.0,250.0,250.0,1.0,0.0,0,0
98,filler,124,0,filler_gram,5,Neut,0,137Y,Prep,0,2,в,R3,Нет,Нет,1.0,0.0,0.0,0.0,0.0,0.0,0.0,0.0,0,0
98,filler,124,0,filler_gram,5,Neut,0,137Y,Prep,0,3,шкафу,R3,Нет,Нет,1.0,0.0,0.0,0.0,0.0,0.0,0.0,0.0,0,0
98,filler,124,0,filler_gram,5,Neut,0,137Y,Prep,0,4,давно,R4,Нет,Нет,1.0,0.0,0.0,0.0,0.0,0.0,0.0,0.0,0,0
98,filler,124,0,filler_gram,5,Neut,0,137Y,Prep,0,5,и,R5,Нет,Нет,1.0,0.0,0.0,0.0,0.0,0.0,0.0,0.0,0,0
98,filler,124,0,filler_gram,5,Neut,0,137Y,Prep,0,6,никого,R5,Нет,Нет,1.0,0.0,0.0,0.0,0.0,0.0,0.0,0.0,0,0
98,filler,124,0,filler_gram,5,Neut,0,137Y,Prep,0,7,не,R6,Нет,Нет,1.0,0.0,0.0,0.0,0.0,0.0,0.0,0.0,0,0
98,filler,124,0,filler_gram,5,Neut,0,137Y,Prep,0,8,беспокоит.,R6,Нет,Нет,1.0,3761.0,3761.0,3761.0,3761.0,3761.0,1.0,0.0,0,0
98,filler,125,0,filler_ungram,4,Neut,0,138N,Acc,0,0,Чучело,R1,,%2c#,99.0,400.0,400.0,400.0,400.0,400.0,1.0,0.0,0,0
98,filler,125,0,filler_ungram,4,Neut,0,138N,Acc,0,1,висит,R2,,%2c#,99.0,0.0,0.0,0.0,0.0,0.0,0.0,0.0,0,0
98,filler,125,0,filler_ungram,4,Neut,0,138N,Acc,0,2,в,R3,,%2c#,99.0,0.0,0.0,0.0,0.0,0.0,0.0,0.0,0,0
98,filler,125,0,filler_ungram,4,Neut,0,138N,Acc,0,3,огород,R3,,%2c#,99.0,200.0,200.0,200.0,200.0,200.0,1.0,0.0,0,0
98,filler,125,0,filler_ungram,4,Neut,0,138N,Acc,0,4,высоко,R4,,%2c#,99.0,200.0,200.0,200.0,200.0,200.0,1.0,0.0,0,0
98,filler,125,0,filler_ungram,4,Neut,0,138N,Acc,0,5,и,R5,,%2c#,99.0,0.0,0.0,0.0,0.0,0.0,0.0,0.0,0,0
98,filler,125,0,filler_ungram,4,Neut,0,138N,Acc,0,6,распугивает,R5,,%2c#,99.0,250.0,250.0,250.0,250.0,250.0,1.0,0.0,0,0
98,filler,125,0,filler_ungram,4,Neut,0,138N,Acc,0,7,ворон.,R6,,%2c#,99.0,552.0,552.0,552.0,552.0,552.0,1.0,0.0,0,0
98,filler,126,0,filler_gram,5,Neut,0,138Y,Prep,0,0,Чучело,R1,да,да,1.0,0.0,0.0,0.0,0.0,0.0,0.0,0.0,0,0
98,filler,126,0,filler_gram,5,Neut,0,138Y,Prep,0,1,висит,R2,да,да,1.0,450.0,450.0,450.0,450.0,450.0,1.0,0.0,0,0
98,filler,126,0,filler_gram,5,Neut,0,138Y,Prep,0,2,в,R3,да,да,1.0,0.0,0.0,0.0,0.0,0.0,0.0,0.0,0,0
98,filler,126,0,filler_gram,5,Neut,0,138Y,Prep,0,3,огороде,R3,да,да,1.0,0.0,0.0,0.0,0.0,0.0,0.0,0.0,0,0
98,filler,126,0,filler_gram,5,Neut,0,138Y,Prep,0,4,высоко,R4,да,да,1.0,201.0,201.0,201.0,201.0,201.0,1.0,0.0,0,0
98,filler,126,0,filler_gram,5,Neut,0,138Y,Prep,0,5,и,R5,да,да,1.0,0.0,0.0,0.0,0.0,0.0,0.0,0.0,0,0
98,filler,126,0,filler_gram,5,Neut,0,138Y,Prep,0,6,распугивает,R5,да,да,1.0,301.0,301.0,301.0,301.0,301.0,1.0,0.0,0,0
98,filler,126,0,filler_gram,5,Neut,0,138Y,Prep,0,7,ворон.,R6,да,да,1.0,0.0,0.0,0.0,0.0,0.0,0.0,0.0,0,0
98,filler,127,0,filler_ungram,4,Neut,0,139N,Acc,0,0,Шимпанзе,R1,,%2c#,99.0,201.0,451.0,201.0,201.0,201.0,1.0,0.0,1,1
98,filler,127,0,filler_ungram,4,Neut,0,139N,Acc,0,1,замерзает,R2,,%2c#,99.0,349.0,750.0,349.0,349.0,349.0,1.0,0.0,1,1
98,filler,127,0,filler_ungram,4,Neut,0,139N,Acc,0,2,на,R3,,%2c#,99.0,0.0,0.0,0.0,0.0,0.0,0.0,0.0,0,0
98,filler,127,0,filler_ungram,4,Neut,0,139N,Acc,0,3,улицу,R3,,%2c#,99.0,0.0,0.0,0.0,0.0,0.0,0.0,0.0,0,0
98,filler,127,0,filler_ungram,4,Neut,0,139N,Acc,0,4,мгновенно,R4,,%2c#,99.0,400.0,400.0,0.0,0.0,0.0,0.0,0.0,0,1
98,filler,127,0,filler_ungram,4,Neut,0,139N,Acc,0,5,и,R5,,%2c#,99.0,0.0,0.0,0.0,0.0,0.0,0.0,0.0,0,0
98,filler,127,0,filler_ungram,4,Neut,0,139N,Acc,0,6,непоправимо.,R6,,%2c#,99.0,0.0,0.0,0.0,0.0,0.0,0.0,0.0,0,0
98,filler,128,0,filler_gram,5,Neut,0,139Y,Prep,0,0,Шимпанзе,R1,Нет,Нет,1.0,500.0,500.0,500.0,500.0,500.0,1.0,0.0,0,0
98,filler,128,0,filler_gram,5,Neut,0,139Y,Prep,0,1,замерзает,R2,Нет,Нет,1.0,300.0,300.0,300.0,300.0,300.0,1.0,0.0,0,0
98,filler,128,0,filler_gram,5,Neut,0,139Y,Prep,0,2,на,R3,Нет,Нет,1.0,0.0,0.0,0.0,0.0,0.0,0.0,0.0,0,0
98,filler,128,0,filler_gram,5,Neut,0,139Y,Prep,0,3,улице,R3,Нет,Нет,1.0,200.0,200.0,200.0,200.0,200.0,1.0,0.0,0,0
98,filler,128,0,filler_gram,5,Neut,0,139Y,Prep,0,4,мгновенно,R4,Нет,Нет,1.0,250.0,250.0,250.0,250.0,250.0,1.0,0.0,0,0
98,filler,128,0,filler_gram,5,Neut,0,139Y,Prep,0,5,и,R5,Нет,Нет,1.0,0.0,0.0,0.0,0.0,0.0,0.0,0.0,0,0
98,filler,128,0,filler_gram,5,Neut,0,139Y,Prep,0,6,непоправимо.,R6,Нет,Нет,1.0,0.0,0.0,0.0,0.0,0.0,0.0,0.0,0,0
98,filler,129,0,filler_ungram,4,Neut,0,140N,Instr,0,0,Животное,R1,Нет,Нет,1.0,299.0,299.0,299.0,299.0,299.0,1.0,0.0,0,0
98,filler,129,0,filler_ungram,4,Neut,0,140N,Instr,0,1,залезает,R2,Нет,Нет,1.0,349.0,349.0,349.0,349.0,349.0,1.0,0.0,0,0
98,filler,129,0,filler_ungram,4,Neut,0,140N,Instr,0,2,на,R3,Нет,Нет,1.0,0.0,0.0,0.0,0.0,0.0,0.0,0.0,0,0
98,filler,129,0,filler_ungram,4,Neut,0,140N,Instr,0,3,лестницей,R3,Нет,Нет,1.0,250.0,250.0,250.0,250.0,250.0,1.0,0.0,0,0
98,filler,129,0,filler_ungram,4,Neut,0,140N,Instr,0,4,медленно,R4,Нет,Нет,1.0,200.0,200.0,200.0,200.0,200.0,1.0,0.0,0,0
98,filler,129,0,filler_ungram,4,Neut,0,140N,Instr,0,5,и,R5,Нет,Нет,1.0,0.0,0.0,0.0,0.0,0.0,0.0,0.0,0,0
98,filler,129,0,filler_ungram,4,Neut,0,140N,Instr,0,6,с,R5,Нет,Нет,1.0,0.0,0.0,0.0,0.0,0.0,0.0,0.0,0,0
98,filler,129,0,filler_ungram,4,Neut,0,140N,Instr,0,7,громким,R5,Нет,Нет,1.0,0.0,0.0,0.0,0.0,0.0,0.0,0.0,0,0
98,filler,129,0,filler_ungram,4,Neut,0,140N,Instr,0,8,воем.,R6,Нет,Нет,1.0,3883.0,3883.0,3883.0,3883.0,3883.0,1.0,0.0,0,0
98,filler,130,0,filler_gram,5,Neut,0,140Y,Acc,0,0,Животное,R1,,%2c#,99.0,400.0,400.0,400.0,400.0,400.0,1.0,0.0,0,0
98,filler,130,0,filler_gram,5,Neut,0,140Y,Acc,0,1,залезает,R2,,%2c#,99.0,300.0,300.0,300.0,300.0,300.0,1.0,0.0,0,0
98,filler,130,0,filler_gram,5,Neut,0,140Y,Acc,0,2,на,R3,,%2c#,99.0,0.0,0.0,0.0,0.0,0.0,0.0,0.0,0,0
98,filler,130,0,filler_gram,5,Neut,0,140Y,Acc,0,3,лестницу,R3,,%2c#,99.0,300.0,300.0,300.0,300.0,300.0,1.0,0.0,0,0
98,filler,130,0,filler_gram,5,Neut,0,140Y,Acc,0,4,медленно,R4,,%2c#,99.0,200.0,200.0,200.0,200.0,200.0,1.0,0.0,0,0
98,filler,130,0,filler_gram,5,Neut,0,140Y,Acc,0,5,с,R5,,%2c#,99.0,0.0,0.0,0.0,0.0,0.0,0.0,0.0,0,0
98,filler,130,0,filler_gram,5,Neut,0,140Y,Acc,0,6,громким,R5,,%2c#,99.0,200.0,200.0,200.0,200.0,200.0,1.0,0.0,0,0
98,filler,130,0,filler_gram,5,Neut,0,140Y,Acc,0,7,воем.,R6,,%2c#,99.0,942.0,942.0,942.0,942.0,942.0,1.0,0.0,0,0
98,filler,131,0,filler_ungram,4,Neut,0,141N,Acc,0,0,Чудовище,R1,Нет,Нет,1.0,0.0,0.0,0.0,0.0,0.0,0.0,0.0,0,0
98,filler,131,0,filler_ungram,4,Neut,0,141N,Acc,0,1,живёт,R2,Нет,Нет,1.0,200.0,200.0,200.0,200.0,200.0,1.0,0.0,0,0
98,filler,131,0,filler_ungram,4,Neut,0,141N,Acc,0,2,в,R3,Нет,Нет,1.0,0.0,0.0,0.0,0.0,0.0,0.0,0.0,0,0
98,filler,131,0,filler_ungram,4,Neut,0,141N,Acc,0,3,воду,R3,Нет,Нет,1.0,201.0,201.0,201.0,201.0,201.0,1.0,0.0,0,0
98,filler,131,0,filler_ungram,4,Neut,0,141N,Acc,0,4,незаметно,R4,Нет,Нет,1.0,0.0,0.0,0.0,0.0,0.0,0.0,0.0,0,0
98,filler,131,0,filler_ungram,4,Neut,0,141N,Acc,0,5,для,R5,Нет,Нет,1.0,0.0,0.0,0.0,0.0,0.0,0.0,0.0,0,0
98,filler,131,0,filler_ungram,4,Neut,0,141N,Acc,0,6,людей.,R6,Нет,Нет,1.0,349.0,349.0,349.0,349.0,349.0,1.0,0.0,0,0
98,filler,132,0,filler_gram,5,Neut,0,141Y,Prep,0,0,Чудовище,R1,,%2c#,99.0,450.0,450.0,450.0,450.0,450.0,1.0,0.0,0,0
98,filler,132,0,filler_gram,5,Neut,0,141Y,Prep,0,1,живёт,R2,,%2c#,99.0,0.0,0.0,0.0,0.0,0.0,0.0,0.0,0,0
98,filler,132,0,filler_gram,5,Neut,0,141Y,Prep,0,2,в,R3,,%2c#,99.0,0.0,0.0,0.0,0.0,0.0,0.0,0.0,0,0
98,filler,132,0,filler_gram,5,Neut,0,141Y,Prep,0,3,воде,R3,,%2c#,99.0,200.0,200.0,200.0,200.0,200.0,1.0,0.0,0,0
98,filler,132,0,filler_gram,5,Neut,0,141Y,Prep,0,4,незаметно,R4,,%2c#,99.0,250.0,250.0,250.0,250.0,250.0,1.0,0.0,0,0
98,filler,132,0,filler_gram,5,Neut,0,141Y,Prep,0,5,для,R5,,%2c#,99.0,0.0,0.0,0.0,0.0,0.0,0.0,0.0,0,0
98,filler,132,0,filler_gram,5,Neut,0,141Y,Prep,0,6,людей.,R6,,%2c#,99.0,200.0,200.0,200.0,200.0,200.0,1.0,0.0,0,0
98,filler,133,0,filler_ungram,4,Neut,0,142N,Acc,0,0,Привидение,R1,,%2c#,99.0,450.0,450.0,450.0,450.0,450.0,1.0,0.0,0,0
98,filler,133,0,filler_ungram,4,Neut,0,142N,Acc,0,1,светится,R2,,%2c#,99.0,300.0,300.0,300.0,300.0,300.0,1.0,0.0,0,0
98,filler,133,0,filler_ungram,4,Neut,0,142N,Acc,0,2,в,R3,,%2c#,99.0,0.0,0.0,0.0,0.0,0.0,0.0,0.0,0,0
98,filler,133,0,filler_ungram,4,Neut,0,142N,Acc,0,3,темноту,R3,,%2c#,99.0,0.0,0.0,0.0,0.0,0.0,0.0,0.0,0,0
98,filler,133,0,filler_ungram,4,Neut,0,142N,Acc,0,4,страшно,R4,,%2c#,99.0,0.0,0.0,0.0,0.0,0.0,0.0,0.0,0,0
98,filler,133,0,filler_ungram,4,Neut,0,142N,Acc,0,5,и,R5,,%2c#,99.0,0.0,0.0,0.0,0.0,0.0,0.0,0.0,0,0
98,filler,133,0,filler_ungram,4,Neut,0,142N,Acc,0,6,всех,R5,,%2c#,99.0,0.0,0.0,0.0,0.0,0.0,0.0,0.0,0,0
98,filler,133,0,filler_ungram,4,Neut,0,142N,Acc,0,7,пугает.,R6,,%2c#,99.0,0.0,0.0,0.0,0.0,0.0,0.0,0.0,0,0
98,filler,134,0,filler_gram,5,Neut,0,142Y,Prep,0,0,Привидение,R1,Да,Да,1.0,1100.0,1100.0,1100.0,1100.0,1100.0,1.0,0.0,0,0
98,filler,134,0,filler_gram,5,Neut,0,142Y,Prep,0,1,светится,R2,Да,Да,1.0,200.0,200.0,200.0,200.0,200.0,1.0,0.0,0,0
98,filler,134,0,filler_gram,5,Neut,0,142Y,Prep,0,2,в,R3,Да,Да,1.0,0.0,0.0,0.0,0.0,0.0,0.0,0.0,0,0
98,filler,134,0,filler_gram,5,Neut,0,142Y,Prep,0,3,темноте,R3,Да,Да,1.0,201.0,201.0,201.0,201.0,201.0,1.0,0.0,0,0
98,filler,134,0,filler_gram,5,Neut,0,142Y,Prep,0,4,страшно,R4,Да,Да,1.0,251.0,251.0,251.0,251.0,251.0,1.0,0.0,0,0
98,filler,134,0,filler_gram,5,Neut,0,142Y,Prep,0,5,и,R5,Да,Да,1.0,0.0,0.0,0.0,0.0,0.0,0.0,0.0,0,0
98,filler,134,0,filler_gram,5,Neut,0,142Y,Prep,0,6,всех,R5,Да,Да,1.0,0.0,0.0,0.0,0.0,0.0,0.0,0.0,0,0
98,filler,134,0,filler_gram,5,Neut,0,142Y,Prep,0,7,пугает.,R6,Да,Да,1.0,0.0,0.0,0.0,0.0,0.0,0.0,0.0,0,0
98,filler,135,0,filler_ungram,4,Neut,0,143N,Instr,0,0,Чудовище,R1,Да,Да,1.0,449.0,449.0,449.0,449.0,449.0,1.0,0.0,0,0
98,filler,135,0,filler_ungram,4,Neut,0,143N,Instr,0,1,кричит,R2,Да,Да,1.0,0.0,0.0,0.0,0.0,0.0,0.0,0.0,0,0
98,filler,135,0,filler_ungram,4,Neut,0,143N,Instr,0,2,на,R3,Да,Да,1.0,0.0,0.0,0.0,0.0,0.0,0.0,0.0,0,0
98,filler,135,0,filler_ungram,4,Neut,0,143N,Instr,0,3,крышей,R3,Да,Да,1.0,250.0,250.0,250.0,250.0,250.0,1.0,0.0,0,0
98,filler,135,0,filler_ungram,4,Neut,0,143N,Instr,0,4,и,R4,Да,Да,1.0,0.0,0.0,0.0,0.0,0.0,0.0,0.0,0,0
98,filler,135,0,filler_ungram,4,Neut,0,143N,Instr,0,5,страшно,R4,Да,Да,1.0,201.0,201.0,201.0,201.0,201.0,1.0,0.0,0,0
98,filler,135,0,filler_ungram,4,Neut,0,143N,Instr,0,6,рычит,R5,Да,Да,1.0,0.0,0.0,0.0,0.0,0.0,0.0,0.0,0,0
98,filler,135,0,filler_ungram,4,Neut,0,143N,Instr,0,7,от,R6,Да,Да,1.0,0.0,0.0,0.0,0.0,0.0,0.0,0.0,0,0
98,filler,135,0,filler_ungram,4,Neut,0,143N,Instr,0,8,испуга.,R6,Да,Да,1.0,0.0,0.0,0.0,0.0,0.0,0.0,0.0,0,0
98,filler,136,0,filler_gram,5,Neut,0,143Y,Prep,0,0,Чудовище,R1,,%2c#,99.0,0.0,0.0,0.0,0.0,0.0,0.0,0.0,0,0
98,filler,136,0,filler_gram,5,Neut,0,143Y,Prep,0,1,кричит,R2,,%2c#,99.0,249.0,249.0,249.0,249.0,249.0,1.0,0.0,0,0
98,filler,136,0,filler_gram,5,Neut,0,143Y,Prep,0,2,на,R3,,%2c#,99.0,0.0,0.0,0.0,0.0,0.0,0.0,0.0,0,0
98,filler,136,0,filler_gram,5,Neut,0,143Y,Prep,0,3,крыше,R3,,%2c#,99.0,0.0,0.0,0.0,0.0,0.0,0.0,0.0,0,0
98,filler,136,0,filler_gram,5,Neut,0,143Y,Prep,0,4,и,R4,,%2c#,99.0,0.0,0.0,0.0,0.0,0.0,0.0,0.0,0,0
98,filler,136,0,filler_gram,5,Neut,0,143Y,Prep,0,5,страшно,R4,,%2c#,99.0,0.0,0.0,0.0,0.0,0.0,0.0,0.0,0,0
98,filler,136,0,filler_gram,5,Neut,0,143Y,Prep,0,6,рычит,R5,,%2c#,99.0,0.0,0.0,0.0,0.0,0.0,0.0,0.0,0,0
98,filler,136,0,filler_gram,5,Neut,0,143Y,Prep,0,7,от,R6,,%2c#,99.0,0.0,0.0,0.0,0.0,0.0,0.0,0.0,0,0
98,filler,136,0,filler_gram,5,Neut,0,143Y,Prep,0,8,испуга.,R6,,%2c#,99.0,0.0,0.0,0.0,0.0,0.0,0.0,0.0,0,0
98,filler,137,0,filler_ungram,4,Neut,0,144N,Instr,0,0,Государство,R1,Да,Да,1.0,201.0,451.0,201.0,451.0,451.0,1.0,0.0,0,0
98,filler,137,0,filler_ungram,4,Neut,0,144N,Instr,0,1,тратит,R2,Да,Да,1.0,200.0,200.0,200.0,200.0,200.0,1.0,0.0,0,0
98,filler,137,0,filler_ungram,4,Neut,0,144N,Instr,0,2,на,R3,Да,Да,1.0,0.0,0.0,0.0,0.0,0.0,0.0,0.0,0,0
98,filler,137,0,filler_ungram,4,Neut,0,144N,Instr,0,3,школой,R3,Да,Да,1.0,251.0,251.0,251.0,251.0,251.0,1.0,0.0,0,0
98,filler,137,0,filler_ungram,4,Neut,0,144N,Instr,0,4,достаточно,R4,Да,Да,1.0,349.0,349.0,349.0,349.0,349.0,1.0,0.0,0,0
98,filler,137,0,filler_ungram,4,Neut,0,144N,Instr,0,5,средств,R5,Да,Да,1.0,201.0,201.0,201.0,201.0,201.0,1.0,0.0,0,0
98,filler,137,0,filler_ungram,4,Neut,0,144N,Instr,0,6,из,R6,Да,Да,1.0,0.0,0.0,0.0,0.0,0.0,0.0,0.0,0,0
98,filler,137,0,filler_ungram,4,Neut,0,144N,Instr,0,7,бюджета.,R6,Да,Да,1.0,0.0,0.0,0.0,0.0,0.0,0.0,0.0,0,0
98,filler,138,0,filler_gram,5,Neut,0,144Y,Acc,0,0,Государство,R1,,%2c#,99.0,550.0,550.0,550.0,550.0,550.0,1.0,0.0,0,0
98,filler,138,0,filler_gram,5,Neut,0,144Y,Acc,0,1,тратит,R2,,%2c#,99.0,250.0,250.0,250.0,250.0,250.0,1.0,0.0,0,0
98,filler,138,0,filler_gram,5,Neut,0,144Y,Acc,0,2,на,R3,,%2c#,99.0,0.0,0.0,0.0,0.0,0.0,0.0,0.0,0,0
98,filler,138,0,filler_gram,5,Neut,0,144Y,Acc,0,3,школу,R3,,%2c#,99.0,0.0,0.0,0.0,0.0,0.0,0.0,0.0,0,0
98,filler,138,0,filler_gram,5,Neut,0,144Y,Acc,0,4,достаточно,R4,,%2c#,99.0,0.0,0.0,0.0,0.0,0.0,0.0,0.0,0,0
98,filler,138,0,filler_gram,5,Neut,0,144Y,Acc,0,5,средств,R5,,%2c#,99.0,0.0,0.0,0.0,0.0,0.0,0.0,0.0,0,0
98,filler,138,0,filler_gram,5,Neut,0,144Y,Acc,0,6,из,R6,,%2c#,99.0,0.0,0.0,0.0,0.0,0.0,0.0,0.0,0,0
98,filler,138,0,filler_gram,5,Neut,0,144Y,Acc,0,7,бюджета.,R6,,%2c#,99.0,0.0,0.0,0.0,0.0,0.0,0.0,0.0,0,0
99,adjectives,996,p,practice,99,F,Match,practice1,,,0,В,R1,Нет,Да,0.0,500.0,500.0,500.0,500.0,500.0,1.0,0.0,0,0
99,adjectives,996,p,practice,99,F,Match,practice1,,,1,газете,R1,Нет,Да,0.0,0.0,0.0,0.0,0.0,0.0,0.0,0.0,0,0
99,adjectives,996,p,practice,99,F,Match,practice1,,,2,отвратительная,R2,Нет,Да,0.0,400.0,400.0,400.0,400.0,400.0,1.0,0.0,0,0
99,adjectives,996,p,practice,99,F,Match,practice1,,,3,статья,R3,Нет,Да,0.0,0.0,0.0,0.0,0.0,0.0,0.0,0.0,0,0
99,adjectives,996,p,practice,99,F,Match,practice1,,,4,про,R4,Нет,Да,0.0,0.0,0.0,0.0,0.0,0.0,0.0,0.0,0,0
99,adjectives,996,p,practice,99,F,Match,practice1,,,5,поведение,R4,Нет,Да,0.0,350.0,350.0,350.0,350.0,350.0,1.0,0.0,0,0
99,adjectives,996,p,practice,99,F,Match,practice1,,,6,россиян,R5,Нет,Да,0.0,0.0,0.0,0.0,0.0,0.0,0.0,0.0,0,0
99,adjectives,996,p,practice,99,F,Match,practice1,,,7,за,R6,Нет,Да,0.0,0.0,0.0,0.0,0.0,0.0,0.0,0.0,0,0
99,adjectives,996,p,practice,99,F,Match,practice1,,,8,границей.,R6,Нет,Да,0.0,0.0,0.0,0.0,0.0,0.0,0.0,0.0,0,0
99,verbs,997,p,practice,99,M,Mis,practice2,,,0,На,R1,,%2c#,99.0,599.0,599.0,0.0,0.0,0.0,0.0,0.0,0,1
99,verbs,997,p,practice,99,M,Mis,practice2,,,1,скамейке,R1,,%2c#,99.0,2700.0,2900.0,2700.0,2700.0,3299.0,1.0,1.0,1,1
99,verbs,997,p,practice,99,M,Mis,practice2,,,2,сидела,R2,,%2c#,99.0,0.0,0.0,0.0,0.0,0.0,0.0,0.0,0,0
99,verbs,997,p,practice,99,M,Mis,practice2,,,3,футболист,R3,,%2c#,99.0,349.0,548.0,349.0,349.0,349.0,1.0,0.0,1,1
99,verbs,997,p,practice,99,M,Mis,practice2,,,4,Зенита,R4,,%2c#,99.0,0.0,0.0,0.0,0.0,0.0,0.0,0.0,0,0
99,verbs,997,p,practice,99,M,Mis,practice2,,,5,в,R5,,%2c#,99.0,0.0,0.0,0.0,0.0,0.0,0.0,0.0,0,0
99,verbs,997,p,practice,99,M,Mis,practice2,,,6,форменных,R5,,%2c#,99.0,300.0,549.0,300.0,300.0,300.0,1.0,0.0,1,1
99,verbs,997,p,practice,99,M,Mis,practice2,,,7,бутсах.,R6,,%2c#,99.0,300.0,500.0,300.0,500.0,1148.0,1.0,1.0,0,0
99,pred_adjectives,998,p,practice,99,F,Mis,practice3,,,0,Всегда,R1,,%2c#,99.0,299.0,299.0,0.0,0.0,0.0,0.0,0.0,0,1
99,pred_adjectives,998,p,practice,99,F,Mis,practice3,,,1,огорчителен,R2,,%2c#,99.0,0.0,0.0,0.0,0.0,0.0,0.0,0.0,0,0
99,pred_adjectives,998,p,practice,99,F,Mis,practice3,,,2,неудача,R3,,%2c#,99.0,300.0,2351.0,300.0,300.0,300.0,1.0,0.0,1,1
99,pred_adjectives,998,p,practice,99,F,Mis,practice3,,,3,в,R4,,%2c#,99.0,251.0,501.0,251.0,251.0,251.0,1.0,0.0,1,1
99,pred_adjectives,998,p,practice,99,F,Mis,practice3,,,4,достижении,R4,,%2c#,99.0,200.0,200.0,200.0,200.0,500.0,1.0,1.0,0,0
99,pred_adjectives,998,p,practice,99,F,Mis,practice3,,,5,намеченных,R5,,%2c#,99.0,350.0,751.0,350.0,751.0,3051.0,1.0,1.0,0,0
99,pred_adjectives,998,p,practice,99,F,Mis,practice3,,,6,планов.,R6,,%2c#,99.0,199.0,199.0,199.0,199.0,199.0,1.0,0.0,0,0
99,num,999,p,practice,99,M,Match,practice4,,,0,По,R1,Два,Два,1.0,299.0,299.0,299.0,299.0,299.0,1.0,0.0,0,0
99,num,999,p,practice,99,M,Match,practice4,,,1,дорожке,R1,Два,Два,1.0,299.0,299.0,299.0,299.0,299.0,1.0,0.0,0,0
99,num,999,p,practice,99,M,Match,practice4,,,2,бежали,R2,Два,Два,1.0,251.0,251.0,251.0,251.0,251.0,1.0,0.0,0,0
99,num,999,p,practice,99,M,Match,practice4,,,3,два,R3,Два,Два,1.0,0.0,0.0,0.0,0.0,0.0,0.0,0.0,0,0
99,num,999,p,practice,99,M,Match,practice4,,,4,пса,R4,Два,Два,1.0,0.0,0.0,0.0,0.0,0.0,0.0,0.0,0,0
99,num,999,p,practice,99,M,Match,practice4,,,5,необычного,R5,Два,Два,1.0,199.0,199.0,199.0,199.0,199.0,1.0,0.0,0,0
99,num,999,p,practice,99,M,Match,practice4,,,6,цвета.,R6,Два,Два,1.0,0.0,0.0,0.0,0.0,0.0,0.0,0.0,0,0
